0 306 134 353 189
0 421 124 470 184
0 641 45 711 119
0 600 85 614 99
0 622 84 635 101
0 44 62 67 93
0 67 70 85 96
0 80 78 99 99
0 101 65 121 91
0 121 70 140 94
0 139 67 159 92
0 171 72 192 99
0 194 74 209 98
0 299 64 310 79
0 362 67 375 83
0 393 72 405 88
0 416 68 432 88
0 430 72 443 91
0 438 72 451 91
0 452 75 467 95
0 482 71 496 90
0 468 68 483 91
0 506 70 522 91
0 528 64 543 84
0 550 80 565 96
0 540 65 550 80
0 565 72 579 91
0 582 74 596 94
0 154 68 168 88
0 162 68 175 90
0 1 80 15 103
0 8 55 29 75
0 317 62 329 79
0 328 66 340 84
0 346 58 361 77
1 335 73 348 91
1 404 72 419 93
1 381 69 393 86
1 284 70 296 87
1 293 72 304 88
1 307 75 317 89
1 318 75 330 91
1 261 74 274 92
1 245 74 256 89
1 232 67 243 83
1 225 71 236 87
1 215 71 226 87
1 207 68 215 78
0 614 83 625 99
0 596 76 607 89
0 607 76 618 86
0 551 66 561 80
0 561 71 570 83
1 544 77 553 92
0 494 69 503 81
0 521 69 529 83
1 368 72 382 91
0 393 71 404 86
1 257 68 268 84
1 29 53 47 74
0 6 67 29 91
