0 282 234 318 268
0 314 235 338 264
0 345 230 378 262
0 381 230 409 255
0 419 226 446 254
0 471 229 498 252
0 510 223 537 249
0 420 266 478 325
0 520 232 556 272
0 575 216 599 245
0 555 219 573 238
0 534 228 558 246
0 460 242 496 269
1 232 255 276 306
1 287 257 322 294
1 467 258 505 302
1 504 268 536 297
1 32 238 64 268
1 92 236 117 259
1 122 228 142 248
1 165 226 182 245
0 158 224 171 238
1 195 231 209 244
1 184 223 196 235
1 253 209 263 219
1 184 208 191 216
1 218 225 229 237
1 224 220 235 233
1 306 217 314 226
0 320 225 336 239
0 460 225 477 240
0 497 223 515 244
0 401 225 419 248
1 11 240 32 264
1 15 232 38 251
1 69 228 86 248
1 55 234 76 258
1 65 207 78 219
1 76 210 86 221
1 90 210 100 223
1 143 221 153 232
1 134 206 142 215
1 145 204 152 211