0 293 229 301 237
0 252 233 260 240
0 247 248 255 257
0 188 281 196 289
0 221 292 229 301
0 197 264 203 272
0 210 267 217 275
0 99 533 114 550
0 103 510 120 526
0 122 399 134 411
1 234 350 242 359
1 205 399 216 411
1 145 396 155 408
1 158 303 167 314
1 57 377 67 389
1 31 381 43 393
1 11 406 21 419
1 7 419 17 433
1 1 499 11 515
1 5 479 19 496
1 66 520 80 534
1 36 546 53 564
1 1 534 12 550
1 1 516 8 531
1 288 461 300 475
1 207 560 222 577
1 222 531 236 547
1 87 564 104 580
1 151 493 163 507
1 166 491 178 504
1 169 472 180 486
0 151 465 165 479
0 229 486 245 502
1 359 581 376 598
1 394 510 400 525
1 126 425 138 440
1 253 313 262 322
0 265 293 275 303
1 287 277 294 284
1 76 206 82 213
1 67 207 73 213
1 56 209 62 216
1 37 226 44 233
