0 125 77 160 120
0 2 94 15 110
0 18 93 32 109
0 30 91 40 105
0 43 98 51 107
0 55 88 67 103
0 67 88 78 102
0 76 92 89 106
0 91 93 99 104
0 97 90 107 104
0 106 89 116 104
0 185 78 213 112
0 175 86 187 102
0 166 87 176 100
0 156 87 166 99
0 115 94 123 104
0 212 81 226 98
0 223 80 234 97
0 233 86 244 101
0 254 83 266 100
0 270 85 281 99
0 276 82 284 93
0 283 90 293 101
0 290 83 299 101
0 327 91 341 108
1 241 82 257 104
0 367 77 384 97
0 402 90 415 104
0 412 78 425 93
0 433 93 447 110
0 447 87 459 103
0 483 93 498 111
0 469 84 483 99
0 485 83 494 93
0 495 88 500 104
0 424 90 436 101
0 390 89 401 104
0 316 82 326 97
0 301 85 311 100
0 307 86 316 98
0 350 89 362 105
0 342 83 349 95