1 178 231 229 278
1 293 142 308 157
1 308 144 325 161
1 303 159 323 176
1 387 161 407 182
1 418 126 434 140
1 407 111 422 123
1 406 103 419 114
1 443 98 460 120
1 483 85 495 101
1 498 87 514 105
1 470 106 486 125
1 487 113 504 135
1 456 132 480 158
1 488 130 517 157
1 516 112 536 134
1 530 88 543 103
1 544 72 557 84
1 563 99 575 113
1 581 102 595 117
1 584 72 598 87
1 597 75 612 89
1 625 68 637 79
1 633 60 647 73
1 662 61 681 76
1 652 82 668 97
1 629 97 646 117
1 696 76 709 90
1 714 62 730 73
1 744 57 761 73
1 792 64 807 78
1 814 73 826 87
1 804 79 819 94
1 796 86 808 100
1 830 75 844 97
1 852 81 868 102
1 884 82 899 101
1 891 76 905 90
1 919 76 934 92
1 914 88 929 103
1 900 95 918 117
1 957 90 971 103
1 948 97 967 118
1 935 114 955 138
1 981 87 992 98
1 987 122 1001 136
1 984 141 1006 163
1 968 164 992 195
1 917 139 938 164
1 880 117 897 138
1 862 133 880 157
1 817 117 837 143
1 773 109 794 133
1 779 98 793 116
1 736 91 752 106
1 727 101 746 125
1 692 102 709 123
1 700 118 722 142
1 651 117 671 138
1 617 136 639 159
1 664 141 682 163
1 740 128 760 150
1 674 167 700 194
1 557 187 585 213
1 519 205 547 232
1 538 126 557 144
1 773 136 798 169
1 735 181 762 214
1 786 179 817 217
1 820 146 848 176
1 866 198 898 233
1 960 241 1000 280
