1 143 190 183 236
1 265 160 281 176
1 303 144 324 171
1 357 119 379 135
1 327 136 348 157
1 327 162 347 187
1 375 137 404 166
1 387 125 408 142
1 398 109 420 127
1 429 93 446 112
1 438 101 464 124
1 445 122 467 145
1 461 104 489 127
1 473 91 497 114
1 469 122 494 149
1 493 140 519 161
1 508 71 522 89
1 497 91 526 112
1 506 110 531 135
1 537 110 567 136
1 581 84 602 107
1 559 76 578 96
1 537 37 553 52
1 603 95 621 116
1 606 67 633 100
1 617 51 637 69
1 644 29 654 42
1 648 76 672 99
1 681 53 695 67
1 708 64 723 76
1 742 31 756 50
1 504 164 534 199
1 556 197 583 222
1 592 131 621 161
1 664 111 688 137
1 637 150 663 172
1 613 192 646 235
1 704 187 742 224
1 683 162 723 192
1 723 122 748 144
1 731 101 754 122
1 777 64 797 82
1 762 77 786 101
1 828 67 847 87
1 803 69 828 89
1 786 76 811 100
1 793 96 817 114
1 786 107 803 127
1 786 131 822 159
1 774 155 801 190
1 807 161 837 194
1 849 137 872 165
1 834 102 857 122
1 888 75 900 90
1 893 101 914 120
1 913 80 932 100
1 942 76 961 96
1 917 133 935 157
1 968 145 991 175
1 931 101 953 125
1 974 110 999 135
1 983 87 999 104
1 839 80 859 99
1 537 92 567 110
1 871 83 896 112
1 697 111 723 146
1 705 96 724 125
1 669 64 688 84
1 909 74 924 84
