1 963 73 972 89
1 989 89 998 104
1 992 87 1004 106
1 979 106 993 128
1 972 154 992 186
1 948 98 960 119
1 936 110 954 134
1 924 120 942 143
1 918 77 930 94
1 902 84 916 105
1 895 99 911 124
1 880 77 894 98
1 863 93 879 112
1 860 72 871 87
1 839 65 849 81
1 845 77 856 95
1 843 102 860 126
1 830 73 842 93
1 813 86 829 112
1 743 53 755 69
1 794 60 808 78
1 786 64 800 83
1 788 77 803 95
1 801 124 822 151
1 783 107 797 129
1 742 117 762 147
1 736 95 752 119
1 725 88 741 109
1 705 68 718 86
1 750 79 765 102
1 679 104 699 127
1 698 116 718 140
1 693 144 715 176
1 634 123 653 147
1 635 149 658 177
1 708 181 735 219
1 635 182 661 213
1 756 157 779 188
1 824 163 850 198
1 680 57 690 73
1 679 70 691 85
1 659 62 671 75
1 636 60 647 76
1 603 63 613 76
1 620 69 630 83
1 618 87 632 107
1 566 74 578 89
1 557 78 571 98
1 571 91 587 110
1 586 80 600 100
1 552 119 571 142
1 597 138 619 169
1 584 161 608 194
1 534 95 550 116
1 515 75 525 90
1 498 89 511 110
1 518 113 534 133
1 479 96 492 114
1 492 109 508 130
1 497 124 517 150
1 503 172 524 203
1 475 90 488 103
1 470 124 487 146
1 462 116 477 134
1 452 100 464 115
1 440 123 456 144
1 404 114 416 132
1 396 125 412 148
1 426 163 445 193
1 360 129 375 150
1 371 135 386 152
1 354 156 371 180
1 324 134 337 149
1 268 160 282 175
1 310 150 327 171
1 331 152 348 175
1 36 223 66 264
