1 38 227 75 267
1 263 150 278 171
1 293 150 313 167
1 336 138 353 156
1 352 121 370 139
1 380 123 403 144
1 382 102 402 123
1 412 102 431 122
1 436 105 451 127
1 414 158 446 184
1 377 149 401 166
1 356 145 378 166
1 462 127 486 146
1 500 130 521 149
1 491 84 509 96
1 520 69 537 85
1 553 113 573 142
1 521 110 542 128
1 596 129 624 162
1 608 93 630 113
1 577 90 596 108
1 522 166 554 196
1 571 166 596 202
1 640 171 679 202
1 650 147 674 172
1 672 110 690 130
1 706 142 736 167
1 738 159 766 188
1 707 113 728 136
1 731 119 756 144
1 745 97 766 119
1 762 87 784 109
1 797 131 821 155
1 838 141 867 173
1 889 178 916 212
1 913 145 935 175
1 980 150 1006 176
1 970 124 987 146
1 878 121 902 145
1 827 104 848 127
1 801 90 822 107
1 781 114 807 132
1 789 64 804 77
1 839 81 861 99
1 860 70 882 83
1 890 78 907 95
1 890 97 910 123
1 924 82 936 106
1 958 81 971 99
1 953 111 965 134
1 683 82 702 95
1 725 59 739 76
1 738 81 751 96
1 713 98 732 110
1 625 76 643 90
1 596 73 613 87
1 651 78 669 94
1 682 65 696 78
1 654 64 668 75
1 817 75 832 89
