1 134 201 157 226
1 208 166 230 189
1 240 165 265 190
1 286 150 307 171
1 371 181 395 212
1 416 149 435 170
1 439 144 454 165
1 441 179 465 205
1 503 188 532 221
1 521 151 542 175
1 474 136 493 157
1 497 131 519 152
1 581 105 602 130
1 611 138 635 168
1 615 191 641 224
1 653 131 674 157
1 673 114 689 138
1 646 98 668 118
1 708 113 733 135
1 703 95 719 115
1 724 102 745 126
1 758 71 772 88
1 697 203 731 235
1 815 229 853 275
1 707 161 730 188
1 741 167 766 200
1 746 149 771 174
1 806 119 823 150
1 817 137 845 171
1 838 107 861 127
1 939 242 975 282
1 892 163 928 202
1 876 151 901 177
1 805 179 834 211
1 873 124 894 147
1 907 127 930 155
1 944 153 966 177
1 965 138 987 163
1 952 119 971 141
1 969 83 989 106
1 1004 90 1022 114
1 1006 152 1029 189
1 970 196 999 232
1 1054 190 1087 225
1 1083 169 1106 203
1 1125 173 1149 208
1 1112 130 1132 154
1 1030 146 1049 177
1 1059 127 1074 151
1 1073 96 1091 121
1 1026 111 1045 135
