1 6 287 33 319
1 284 224 304 249
1 320 229 338 256
1 359 237 378 263
1 349 206 368 232
1 407 247 431 271
1 463 235 479 253
1 454 215 472 233
1 430 200 447 219
1 493 231 513 253
1 521 235 543 260
1 569 206 588 224
1 528 207 548 228
1 499 198 518 220
1 480 174 497 193
1 522 177 536 193
1 543 178 557 198
1 560 166 572 183
1 575 160 588 173
1 578 182 594 199
1 618 174 632 194
1 653 165 669 187
1 634 165 649 181
1 672 151 687 168
1 688 164 703 184
1 705 161 719 180
1 697 149 711 161
1 746 134 763 151
1 748 153 761 168
1 633 208 649 232
1 672 188 690 210
1 740 170 754 184
1 768 146 777 158
1 779 153 794 167
1 801 137 814 155
1 605 257 632 293
1 654 266 684 302
1 651 243 682 268
1 732 279 768 320
1 722 213 746 240
1 772 201 791 226
1 779 171 796 188
1 823 153 835 170
1 838 155 850 167
1 829 178 845 197
1 785 224 806 248
1 801 258 826 287
1 741 246 769 276
1 832 220 851 242
1 878 194 897 216
1 854 169 873 191
1 807 296 843 337
1 774 280 797 305
1 860 331 900 381
1 1006 343 1037 388
1 1105 320 1137 359
1 1022 302 1052 341
1 937 286 973 329
1 890 264 922 297
1 835 243 864 266
1 984 245 1009 271
1 1037 266 1062 298
1 1115 268 1134 293
1 1127 237 1147 264
1 1125 216 1140 231
1 1142 205 1155 222
1 1141 187 1157 204
1 1089 183 1106 207
1 1061 209 1079 234
1 1059 246 1083 270
1 1032 208 1051 231
1 984 224 1004 244
1 986 200 1003 222
1 929 189 947 209
1 1040 188 1057 206
1 1062 168 1076 187
1 1027 173 1048 191
1 988 163 1006 179
1 1001 184 1017 205
1 949 159 971 178
1 948 175 965 190
1 896 160 910 176
1 907 147 922 165
1 912 180 928 197
1 892 178 907 194
1 919 166 932 180
