1 35 224 68 262
1 271 161 292 179
1 302 154 323 172
1 324 145 341 166
1 370 160 387 180
1 352 143 368 162
1 341 124 354 138
1 364 123 381 139
1 403 122 419 141
1 436 128 454 147
1 413 111 430 129
1 442 96 454 110
1 412 167 439 190
1 467 126 486 148
1 507 129 525 155
1 490 116 508 138
1 471 105 490 121
1 459 110 473 129
1 474 88 485 104
1 520 109 536 127
1 514 90 528 108
1 490 101 504 115
1 541 93 557 110
1 535 83 552 104
1 521 73 533 88
1 503 83 516 95
1 551 73 562 90
1 566 70 579 87
1 574 112 591 133
1 569 88 589 110
1 607 90 623 112
1 589 79 603 102
1 602 58 612 74
1 635 66 649 82
1 632 52 645 70
1 663 69 674 82
1 658 57 671 71
1 683 55 700 71
1 682 68 694 84
1 519 158 544 187
1 567 169 595 204
1 629 187 658 219
1 598 135 621 163
1 643 141 669 170
1 702 143 725 173
1 710 185 743 225
1 759 156 791 184
1 833 151 859 184
1 793 123 819 155
1 709 110 734 135
1 739 125 763 152
1 648 115 666 137
1 690 96 708 120
1 669 82 683 101
1 723 81 737 101
1 735 98 753 121
1 788 97 806 119
1 872 124 895 154
1 928 123 945 146
1 982 158 1005 185
1 718 62 734 78
1 734 50 750 68
1 756 73 776 90
1 777 66 792 83
1 799 58 814 75
1 794 72 807 88
1 814 88 833 106
1 785 84 801 100
1 828 64 840 82
1 836 61 850 80
1 852 73 866 93
1 864 70 878 86
1 857 98 876 123
1 870 92 886 109
1 885 70 899 92
1 906 99 926 123
1 920 85 935 101
1 924 67 941 86
1 950 111 965 131
1 961 68 979 91
1 993 85 1006 101
1 994 111 1006 130
1 988 101 1000 114
