1 39 209 70 246
1 261 163 280 182
1 284 154 302 174
1 332 143 351 162
1 326 124 345 142
1 350 123 369 142
1 359 158 377 179
1 366 144 384 166
1 416 160 435 188
1 390 123 406 142
1 428 125 446 146
1 403 113 418 129
1 426 97 442 114
1 469 81 480 94
1 495 94 510 109
1 480 112 496 131
1 476 133 498 154
1 453 124 471 146
1 445 110 463 129
1 468 109 482 123
1 495 81 506 95
1 504 78 516 93
1 513 107 531 131
1 567 107 584 128
1 559 90 575 109
1 554 72 573 92
1 584 62 598 80
1 575 77 590 95
1 599 83 615 107
1 631 74 648 97
1 611 70 627 90
1 631 52 644 69
1 647 67 662 82
1 659 51 672 67
1 681 62 694 81
1 675 56 687 72
1 707 62 719 76
1 726 52 738 70
1 491 165 518 195
1 579 163 604 195
1 590 131 610 153
1 632 116 655 139
1 635 142 657 171
1 694 148 717 175
1 697 187 726 224
1 625 184 653 222
1 702 112 722 138
1 678 98 695 120
1 711 80 728 99
1 723 100 742 126
1 753 76 768 95
1 778 99 795 123
1 726 127 746 150
1 753 158 781 194
1 820 154 842 183
1 801 118 820 144
1 852 135 872 165
1 791 58 802 76
1 778 67 788 83
1 786 80 800 98
1 804 71 820 92
1 816 87 832 106
1 823 62 835 83
1 840 73 852 88
1 855 74 869 89
1 862 92 878 113
1 839 98 854 119
1 887 103 906 126
1 878 75 890 94
1 909 68 920 86
1 916 125 934 149
1 940 110 953 130
1 973 103 990 127
1 977 154 999 179
1 980 86 994 104
1 945 72 960 89
1 948 95 962 111
1 932 97 944 112
1 778 85 792 102
