1 169 273 205 311
1 264 152 278 172
1 282 159 298 177
1 307 149 326 169
1 363 172 381 191
1 367 149 384 171
1 319 133 336 150
1 347 125 362 145
1 370 131 385 145
1 401 129 415 143
1 413 148 432 172
1 399 111 410 125
1 412 104 423 123
1 438 102 451 120
1 468 104 480 118
1 477 121 495 144
1 505 129 522 150
1 534 105 550 125
1 504 111 521 129
1 500 93 513 108
1 473 83 485 96
1 507 79 519 93
1 541 93 555 105
1 572 105 587 126
1 585 92 596 110
1 615 94 629 111
1 596 66 610 83
1 643 89 656 105
1 665 77 681 92
1 681 63 693 80
1 721 68 732 84
1 648 66 658 77
1 606 83 619 94
1 548 168 571 193
1 590 164 614 195
1 647 172 671 207
1 637 144 659 172
1 605 124 628 152
1 657 120 675 142
1 705 122 721 144
1 714 144 735 174
1 743 149 764 178
1 712 107 726 124
1 739 104 757 126
1 730 87 743 105
1 744 80 757 97
1 761 91 777 110
1 772 76 784 91
1 784 71 799 90
1 808 69 821 87
1 805 94 820 111
1 820 89 835 108
1 771 114 787 132
1 752 122 770 145
1 814 123 834 153
1 803 159 830 188
1 887 155 909 189
1 972 136 992 168
1 940 121 957 142
1 941 99 952 114
1 945 88 958 107
1 885 127 900 149
1 893 107 910 127
1 903 93 918 113
1 879 86 893 100
1 851 89 867 112
