1 181 262 229 311
1 173 159 200 187
1 285 154 308 180
1 333 130 350 149
1 351 135 369 156
1 373 129 390 151
1 385 109 410 133
1 424 113 440 130
1 414 120 431 142
1 452 125 474 147
1 513 116 529 141
1 506 106 519 126
1 519 104 540 127
1 640 52 660 77
1 665 26 680 45
1 702 80 716 96
1 719 83 733 96
1 722 67 734 83
1 728 42 738 54
1 800 44 812 59
1 806 43 820 59
1 824 40 835 57
1 837 39 848 50
1 838 50 853 63
1 822 80 837 98
1 901 145 924 172
1 977 154 998 174
1 1008 149 1028 175
1 952 108 970 130
1 1031 108 1048 129
