1 72 311 114 358
1 354 179 376 203
1 399 189 416 210
1 384 153 400 170
1 424 158 442 179
1 419 147 435 165
1 447 172 466 194
1 481 178 501 203
1 464 156 482 179
1 488 151 508 171
1 510 171 533 203
1 519 134 537 149
1 520 123 541 139
1 553 129 570 145
1 560 144 583 168
1 614 154 636 177
1 594 131 615 153
1 623 120 643 140
1 658 116 675 139
1 699 122 718 146
1 717 103 733 122
1 687 95 703 113
1 699 80 713 95
1 669 89 683 105
1 628 99 646 119
1 619 90 636 107
1 577 96 596 119
1 559 115 573 129
1 552 102 568 119
1 730 86 747 102
1 773 96 789 112
1 722 73 736 87
1 733 68 747 86
1 745 69 759 83
1 756 73 768 90
1 787 83 800 101
1 808 89 828 111
1 799 66 819 87
1 821 71 833 92
1 854 69 873 89
1 651 192 680 227
1 689 166 714 195
1 734 217 766 256
1 775 162 796 187
1 761 143 781 168
1 804 150 826 176
1 820 174 849 210
1 826 136 849 161
1 876 147 905 175
1 916 168 941 197
1 950 202 978 244
1 991 268 1037 319
1 1101 235 1129 274
1 1128 219 1153 250
1 1029 209 1057 246
1 1010 167 1032 191
1 1048 168 1076 199
1 1086 143 1103 167
1 1139 152 1163 183
1 1106 125 1124 148
1 1128 104 1143 119
1 1137 92 1151 108
1 1157 105 1173 124
1 1168 101 1183 125
1 1157 136 1173 155
1 1059 111 1075 131
1 1082 114 1101 134
1 1073 96 1091 117
1 1086 91 1101 111
1 1000 117 1016 133
1 1013 99 1028 119
1 1022 87 1036 107
1 1044 81 1060 100
1 959 138 983 162
1 971 105 989 134
1 1001 79 1016 97
1 974 73 988 91
1 909 121 924 138
1 892 111 906 129
1 893 89 909 106
1 913 87 931 108
1 931 103 952 128
