1 208 190 248 233
1 301 122 314 139
1 318 129 332 147
1 336 134 351 155
1 368 141 383 161
1 392 140 407 157
1 433 130 454 155
1 343 106 355 120
1 356 115 372 132
1 382 110 397 129
1 416 104 432 122
1 438 92 450 108
1 439 80 450 92
1 460 96 473 109
1 462 115 477 131
1 478 119 494 135
1 501 105 517 122
1 518 119 532 137
1 507 154 530 184
1 466 86 479 98
1 481 77 494 90
1 499 82 511 96
1 523 81 534 94
1 556 104 570 121
1 547 97 559 112
1 578 86 591 102
1 602 96 618 112
1 540 76 551 88
1 523 65 535 77
1 545 69 556 80
1 505 75 518 88
1 566 65 578 79
1 595 67 607 81
1 587 66 596 79
1 570 82 583 96
1 610 78 624 97
1 641 81 654 98
1 639 73 652 85
1 627 69 638 83
1 635 61 646 71
1 653 57 666 73
1 682 53 692 68
1 686 70 699 83
1 675 83 690 98
1 710 66 724 84
1 705 55 717 68
1 738 58 752 73
1 573 162 598 189
1 579 139 602 161
1 617 139 641 165
1 640 119 655 140
1 684 103 703 123
1 727 94 740 112
1 736 99 751 118
1 746 120 764 141
1 692 136 716 165
1 716 167 743 199
1 740 149 759 176
1 768 204 797 236
1 613 189 643 224
1 757 80 769 94
1 763 92 778 107
1 774 108 790 126
1 791 136 809 162
1 820 124 835 142
1 822 87 837 104
1 809 74 823 93
1 773 73 788 90
1 786 87 798 105
1 840 145 859 170
1 813 174 840 201
1 838 218 868 256
1 862 194 891 225
1 898 146 916 172
1 914 123 931 148
1 981 124 996 144
1 952 159 969 185
1 944 194 963 225
1 907 230 940 271
