1 108 349 159 395
1 233 231 251 249
1 272 243 295 268
1 317 244 338 270
1 306 210 327 231
1 364 238 388 265
1 386 229 405 251
1 425 226 443 247
1 389 200 405 219
1 452 229 474 253
1 506 227 528 252
1 454 204 471 220
1 433 186 448 201
1 455 188 469 202
1 484 189 497 208
1 481 169 497 186
1 500 174 515 192
1 531 184 549 204
1 520 163 535 179
1 531 157 545 171
1 588 184 608 205
1 575 217 595 238
1 527 211 545 231
1 490 209 509 228
1 588 159 605 179
1 608 167 622 185
1 625 163 641 184
1 661 185 676 208
1 642 149 658 169
1 663 142 678 158
1 669 171 683 191
1 678 165 690 179
1 694 165 708 185
1 698 151 712 168
1 704 135 719 151
1 722 143 738 158
1 741 147 754 165
1 738 166 756 185
1 770 158 786 177
1 768 143 779 157
1 784 148 798 170
1 812 143 824 162
1 519 275 553 313
1 612 232 642 265
1 590 296 623 328
1 666 301 704 339
1 668 264 699 291
1 687 224 709 251
1 742 230 763 256
1 757 248 785 280
1 794 245 818 271
1 729 319 764 360
1 806 363 841 405
1 943 322 974 358
1 896 291 926 324
1 823 274 860 309
1 788 212 813 235
1 731 210 754 228
1 771 184 792 207
1 815 169 832 189
1 861 174 878 194
1 854 163 870 179
1 823 198 847 222
1 890 174 905 191
1 885 150 903 171
1 913 161 928 180
1 903 187 920 208
1 936 162 952 181
1 961 181 979 203
1 952 197 968 217
1 945 237 968 271
1 954 222 976 250
1 979 207 998 231
1 1001 187 1019 207
1 989 169 1003 189
1 1015 180 1028 205
1 1027 171 1040 192
1 1050 184 1066 206
1 1046 215 1062 239
1 1003 248 1027 278
1 1004 230 1027 253
1 1065 216 1086 242
1 1100 246 1120 271
1 1065 311 1087 346
1 982 307 1018 347
1 1102 207 1118 221
1 1102 186 1115 204
