1 17 257 46 288
1 278 209 296 231
1 308 232 328 256
1 347 232 366 258
1 345 185 362 207
1 398 219 421 247
1 431 205 449 226
1 428 179 446 200
1 457 198 477 223
1 491 201 514 228
1 494 182 510 202
1 542 208 561 238
1 477 161 492 181
1 493 164 509 180
1 520 146 534 162
1 541 157 557 176
1 575 159 590 179
1 570 186 586 208
1 606 195 625 220
1 631 167 651 189
1 615 156 631 177
1 631 150 643 165
1 568 140 583 157
1 646 147 664 169
1 665 172 682 193
1 706 158 721 179
1 697 148 708 162
1 680 135 695 152
1 696 130 711 148
1 732 145 745 162
1 772 147 786 164
1 729 127 745 148
1 746 119 759 136
1 762 125 777 142
1 778 131 792 149
1 799 121 811 137
1 815 131 829 153
1 850 131 863 147
1 856 144 872 165
1 820 159 838 181
1 767 181 791 208
1 722 200 744 224
1 642 216 674 248
1 554 251 586 290
1 637 265 664 300
1 710 279 744 325
1 738 218 766 254
1 788 222 821 260
1 784 209 804 244
1 832 216 855 247
1 826 191 849 217
1 881 171 897 196
1 897 145 912 163
1 901 163 919 183
1 767 298 800 337
1 844 304 888 356
1 887 253 917 285
1 943 266 973 302
1 981 222 1006 256
1 1042 227 1066 262
1 1025 213 1045 242
1 1016 295 1051 338
1 987 325 1027 381
1 1098 288 1127 327
1 935 171 955 194
1 922 158 936 176
1 924 136 940 157
1 958 144 974 165
1 945 147 962 167
1 988 156 1006 184
1 1021 150 1037 172
1 1037 170 1054 193
1 993 190 1013 210
1 1060 149 1075 171
1 1090 172 1106 195
1 1075 197 1091 217
1 1055 208 1074 233
1 1132 212 1155 243
1 1109 197 1127 224
1 1135 189 1150 208
1 1140 172 1157 192
