1 87 310 142 370
1 270 160 295 188
1 254 151 273 180
1 338 148 359 168
1 331 132 351 154
1 371 118 390 144
1 401 125 421 154
1 425 117 443 148
1 448 147 468 169
1 478 141 497 164
1 534 168 560 198
1 571 139 594 164
1 442 111 460 135
1 470 108 491 131
1 523 107 542 130
1 529 90 547 110
1 555 91 570 108
1 583 95 602 117
1 603 113 625 137
1 601 82 619 103
1 634 96 653 118
1 640 84 661 106
1 669 130 689 153
1 694 117 714 139
1 683 89 702 109
1 681 73 697 92
1 708 72 725 96
1 734 66 749 87
1 743 85 762 104
1 752 97 768 119
1 759 113 777 133
1 570 96 584 118
1 772 66 789 90
1 793 79 812 99
1 817 68 834 91
1 851 75 867 95
1 877 84 893 106
1 805 101 822 123
1 845 91 861 113
1 710 97 731 116
1 698 191 722 221
1 739 211 770 245
1 747 165 779 199
1 808 138 831 167
1 855 122 876 145
1 802 226 833 261
1 876 231 908 268
1 971 247 1005 290
1 1064 269 1099 313
1 1084 226 1110 265
1 1172 249 1204 287
1 883 145 910 174
1 911 127 932 153
1 916 104 935 125
1 948 101 964 122
1 958 119 973 137
1 979 138 998 164
1 920 163 946 191
1 1001 168 1024 199
1 1007 127 1027 149
1 995 105 1012 127
1 1037 119 1052 141
1 1075 131 1092 153
1 1086 123 1102 146
1 1108 141 1124 166
1 1120 134 1135 155
1 1095 165 1115 192
1 1064 177 1088 200
1 1062 203 1082 236
1 1141 186 1160 216
1 1144 152 1162 176
1 1176 143 1193 165
1 1212 142 1228 161
1 1197 210 1219 239
1 1200 193 1219 214
1 1201 172 1216 195
