1 47 193 81 227
1 215 135 232 151
1 239 130 254 146
1 257 124 270 139
1 263 109 275 121
1 294 127 309 144
1 336 139 352 156
1 316 101 327 113
1 332 104 346 116
1 340 94 349 104
1 349 82 360 94
1 363 102 376 117
1 383 91 395 102
1 362 89 373 100
1 392 81 402 93
1 412 106 428 122
1 384 105 399 119
1 422 93 434 106
1 409 91 423 104
1 412 76 423 87
1 400 72 411 85
1 390 70 400 80
1 421 59 432 70
1 448 98 465 112
1 431 85 443 97
1 446 75 455 87
1 458 62 469 72
1 470 76 481 89
1 493 79 506 93
1 474 65 483 74
1 487 53 496 65
1 500 70 512 83
1 507 57 518 71
1 518 45 527 56
1 533 46 543 57
1 540 65 552 80
1 524 65 535 76
1 556 57 569 71
1 565 47 574 58
1 549 59 556 67
1 420 131 441 153
1 484 110 498 129
1 478 136 502 156
1 517 154 538 180
1 577 154 600 181
1 573 119 596 141
1 520 114 539 138
1 522 94 538 109
1 562 80 576 96
1 570 97 585 118
1 607 100 623 121
1 609 139 628 161
1 672 139 689 163
1 650 100 669 121
1 640 80 654 98
1 657 73 669 89
1 603 80 617 98
1 585 68 597 82
1 591 55 602 68
1 586 47 598 59
1 612 66 625 80
1 633 55 645 70
1 647 58 660 72
1 660 57 670 70
1 676 58 686 69
1 655 46 666 58
1 692 59 703 73
1 703 57 713 70
1 722 65 734 79
1 730 88 743 102
1 697 77 710 94
1 706 107 725 126
1 755 104 770 125
1 794 130 812 154
1 800 88 814 107
1 803 74 812 85
1 774 78 785 92
1 778 59 791 75
1 766 87 779 103
1 758 62 768 74
