1 85 229 123 272
1 268 165 289 180
1 292 158 311 179
1 313 148 330 170
1 339 152 355 171
1 358 163 379 185
1 411 173 434 197
1 337 127 353 146
1 365 121 379 138
1 370 138 388 157
1 392 130 410 148
1 440 126 455 145
1 472 128 489 148
1 519 131 542 153
1 513 110 532 127
1 491 111 507 128
1 473 108 491 125
1 448 105 464 121
1 429 100 443 114
1 484 95 498 109
1 476 83 489 97
1 505 93 521 111
1 501 84 514 97
1 514 78 525 92
1 531 97 547 112
1 559 95 578 112
1 568 115 590 134
1 602 92 619 111
1 611 85 626 102
1 585 78 597 92
1 556 76 570 91
1 603 63 614 76
1 621 74 633 88
1 656 81 672 96
1 632 58 644 72
1 654 57 667 71
1 675 59 689 75
1 670 71 682 86
1 710 69 724 85
1 725 78 738 92
1 730 57 743 74
1 511 167 538 192
1 585 164 615 192
1 594 134 616 158
1 635 142 661 170
1 634 187 660 219
1 705 187 734 219
1 745 163 768 192
1 713 139 737 164
1 699 120 718 142
1 657 108 675 129
1 686 100 702 121
1 732 123 755 146
1 729 98 749 118
1 753 81 767 97
1 773 85 788 105
1 811 155 840 188
1 802 128 823 153
1 779 115 802 138
1 783 68 795 84
1 791 62 807 76
1 813 76 828 92
1 798 89 817 109
1 841 107 859 123
1 869 95 883 111
1 876 74 890 94
1 856 66 872 84
1 840 74 855 88
1 835 64 851 83
1 904 80 917 99
1 921 85 932 100
1 923 72 935 85
1 953 73 964 89
1 991 95 1005 112
1 981 153 1002 179
1 925 125 942 150
1 929 112 946 133
1 928 101 943 116
1 943 101 960 115
1 893 106 912 128
1 946 89 961 103
