1 118 353 166 407
1 259 224 281 248
1 293 223 319 251
1 332 236 358 268
1 330 201 351 224
1 386 234 413 269
1 409 216 430 237
1 412 193 436 217
1 451 219 474 245
1 477 216 504 245
1 478 195 499 222
1 463 168 486 191
1 499 169 518 189
1 524 170 541 193
1 508 201 534 225
1 517 217 543 249
1 554 198 579 225
1 559 172 578 194
1 543 159 561 182
1 555 153 571 172
1 594 212 620 244
1 588 168 606 193
1 600 169 617 188
1 607 156 626 176
1 623 167 644 193
1 643 160 661 181
1 659 185 680 209
1 683 163 704 189
1 674 141 690 158
1 679 156 693 171
1 709 161 727 185
1 721 142 735 160
1 725 132 740 151
1 755 159 774 181
1 744 140 763 161
1 763 142 780 164
1 804 150 819 168
1 817 144 835 165
1 797 135 813 155
1 570 254 605 296
1 642 259 679 295
1 646 233 677 264
1 698 242 727 280
1 704 213 734 238
1 716 272 755 317
1 740 299 789 348
1 823 349 868 402
1 750 194 773 223
1 765 217 792 250
1 785 242 819 283
1 818 232 849 267
1 796 180 816 204
1 822 186 842 210
1 842 161 860 187
1 848 197 867 223
1 875 156 888 173
1 882 167 899 187
1 895 148 911 170
1 913 169 930 194
1 925 183 944 208
1 938 171 954 195
1 933 154 949 173
1 970 156 987 179
1 977 181 998 202
1 970 196 992 219
1 1010 202 1033 228
1 1014 178 1030 201
1 1026 177 1041 201
1 1043 169 1059 192
1 1007 169 1022 187
1 1067 178 1087 203
1 968 228 992 264
1 925 277 961 313
1 861 260 891 296
1 982 336 1028 383
1 1003 283 1039 324
1 1025 239 1053 278
1 1035 217 1059 247
1 1079 212 1102 242
1 1093 204 1110 229
1 1112 231 1135 260
1 1091 258 1117 290
1 1096 301 1131 342
1 1118 201 1135 226
1 1123 182 1142 204
