1 233 305 278 363
1 324 175 344 199
1 342 175 361 197
1 369 175 395 203
1 394 188 423 218
1 382 144 406 169
1 421 143 441 164
1 473 164 498 197
1 497 182 525 218
1 497 148 522 177
1 545 141 573 168
1 524 115 543 145
1 502 121 522 144
1 550 102 574 125
1 579 105 597 127
1 578 93 594 110
1 582 146 611 179
1 592 133 614 158
1 602 87 623 110
1 625 126 652 153
1 643 82 661 101
1 650 91 669 114
1 667 119 692 145
1 686 90 706 111
1 693 105 714 125
1 726 93 750 121
1 729 66 745 88
1 771 90 789 113
1 761 78 776 93
1 802 74 820 94
1 827 75 847 97
1 807 107 832 135
1 773 132 799 164
1 683 164 721 200
1 602 187 641 229
1 671 194 711 237
1 741 158 776 198
1 807 164 841 202
1 814 133 841 166
1 859 97 881 125
1 883 112 902 134
1 889 142 915 170
1 857 191 897 243
1 891 188 926 230
1 937 223 972 273
1 938 143 965 171
1 913 116 937 147
1 900 94 922 118
1 937 110 959 138
1 931 92 953 111
1 959 79 979 105
1 971 134 995 162
1 981 182 1011 223
1 1063 206 1096 250
1 1073 156 1099 195
1 1026 145 1054 177
1 1006 113 1021 135
1 998 83 1018 110
1 1020 97 1042 123
1 1041 86 1058 111
1 1085 91 1102 114
1 1051 121 1071 147
1 1084 134 1107 162
1 1100 125 1118 151
1 1131 177 1159 212
