1 255 120 280 147
1 346 103 367 126
1 403 103 422 126
1 412 104 438 133
1 415 92 433 112
1 443 99 461 118
1 448 117 468 137
1 468 123 488 144
1 471 82 486 102
1 495 96 512 120
1 498 78 511 93
1 513 89 530 108
1 518 76 534 93
1 523 68 537 84
1 532 104 552 128
1 532 124 553 151
1 580 102 600 127
1 575 94 590 110
1 552 92 566 109
1 561 81 576 98
1 573 75 587 90
1 604 81 622 100
1 618 93 636 111
1 631 84 645 103
1 617 75 630 92
1 610 57 624 72
1 663 77 676 94
1 659 71 673 82
1 654 56 665 71
1 687 57 703 74
1 693 79 711 98
1 719 66 734 82
1 745 65 758 83
1 593 135 624 171
1 643 131 667 166
1 646 155 685 195
1 675 118 700 145
1 704 107 725 133
1 742 101 763 127
1 754 85 769 105
1 764 77 779 98
1 791 75 806 92
1 782 94 801 112
1 787 114 804 134
1 803 87 820 108
1 819 82 835 102
1 843 88 859 110
1 830 99 849 118
1 823 124 845 148
1 793 137 815 165
1 755 154 785 190
1 706 177 739 218
1 886 144 910 176
1 905 171 931 206
1 917 156 940 187
1 879 123 902 149
1 876 97 894 120
1 887 82 905 105
1 920 93 937 115
1 939 111 956 134
1 932 132 953 158
1 964 159 986 194
1 981 135 999 154
1 951 106 964 124
1 999 119 1019 143
1 991 105 1008 125
1 990 91 1002 109
