1 58 248 109 302
1 195 155 218 183
1 219 164 249 194
1 272 135 300 164
1 322 136 347 166
1 353 128 377 157
1 326 117 351 142
1 372 119 396 148
1 390 109 418 138
1 424 107 449 133
1 398 145 426 180
1 434 130 458 157
1 478 174 509 208
1 466 99 486 121
1 478 111 501 132
1 522 141 548 169
1 497 96 519 120
1 523 104 550 129
1 556 88 576 108
1 555 120 580 144
1 588 98 607 120
1 627 127 649 151
1 647 115 668 135
1 635 93 655 114
1 629 76 649 94
1 668 75 690 96
1 681 67 702 87
1 664 99 685 120
1 695 89 716 108
1 701 101 720 126
1 715 114 737 136
1 726 72 746 93
1 756 82 778 109
1 761 104 779 124
1 772 79 791 102
1 798 76 816 96
1 798 92 816 115
1 824 93 842 116
1 797 119 818 144
1 772 128 801 156
1 702 160 733 199
1 651 188 682 224
1 679 213 717 255
1 762 222 796 265
1 829 156 860 189
1 865 131 884 157
1 851 127 871 150
1 874 106 893 128
1 903 122 924 150
1 907 110 927 130
1 947 106 969 133
1 956 127 979 157
1 977 123 994 147
1 922 147 947 179
1 952 172 980 203
1 873 164 901 198
1 834 236 864 275
1 905 254 948 308
1 1016 273 1052 320
1 1036 230 1065 270
1 1009 211 1040 251
1 1025 172 1049 204
1 1048 161 1073 187
1 1021 132 1042 156
1 1066 148 1083 170
1 1062 131 1084 152
1 1103 155 1120 180
1 1124 141 1144 169
1 1091 182 1118 215
1 1117 211 1144 253
1 1124 253 1163 296
1 1147 206 1177 244
1 1161 183 1179 210
1 1165 148 1182 170
