1 162 189 201 228
1 154 204 186 240
1 271 161 288 183
1 323 138 343 159
1 310 154 328 175
1 350 160 374 184
1 353 122 367 138
1 366 123 382 139
1 372 139 390 158
1 401 116 422 141
1 431 97 448 113
1 445 103 467 124
1 448 123 470 150
1 477 127 497 149
1 494 141 522 168
1 472 106 493 126
1 479 98 498 116
1 494 88 508 105
1 505 104 529 128
1 542 117 566 140
1 514 72 527 88
1 537 84 559 105
1 573 70 588 87
1 592 71 607 88
1 582 85 603 109
1 599 89 621 111
1 605 70 623 89
1 651 78 673 99
1 630 65 647 83
1 630 52 646 69
1 645 32 659 48
1 672 36 690 56
1 706 34 723 51
1 507 168 539 199
1 559 197 588 226
1 598 135 620 163
1 638 148 662 178
1 668 111 695 139
1 699 114 722 144
1 703 99 724 121
1 730 82 749 103
1 736 103 755 126
1 726 120 751 144
1 690 166 719 197
1 622 193 656 234
1 697 197 731 239
1 769 155 799 190
1 797 145 822 175
1 790 99 810 122
1 766 92 790 115
1 792 79 811 98
1 785 68 801 87
1 803 92 822 113
1 814 67 833 92
1 830 63 845 87
1 844 79 859 99
1 857 79 872 96
1 837 106 858 129
1 852 134 876 166
1 830 174 856 205
1 875 87 891 108
1 886 75 901 97
1 899 79 917 97
1 916 81 932 102
1 901 93 923 119
1 922 134 943 159
1 939 95 961 123
1 954 75 968 92
1 915 72 928 87
1 988 86 1000 104
1 981 109 999 133
1 967 156 992 188
1 946 93 962 117
