1 30 304 87 368
1 270 154 285 174
1 286 155 305 177
1 304 151 327 174
1 329 158 349 179
1 355 156 378 178
1 323 134 342 152
1 359 128 377 149
1 385 123 403 143
1 416 161 443 194
1 398 119 415 140
1 408 115 424 130
1 434 125 452 148
1 468 127 490 149
1 491 130 512 158
1 488 108 506 128
1 462 113 482 131
1 450 98 469 118
1 428 100 441 116
1 481 92 497 105
1 479 80 489 95
1 504 94 518 110
1 502 84 512 95
1 514 77 524 89
1 533 95 549 109
1 560 78 577 95
1 576 87 592 109
1 602 95 619 117
1 613 84 625 102
1 592 61 604 77
1 618 70 631 84
1 654 77 672 100
1 629 56 643 70
1 647 69 659 82
1 658 58 670 72
1 675 68 689 83
1 680 58 696 72
1 707 64 722 81
1 731 53 745 73
1 505 170 531 203
1 566 156 601 195
1 539 124 560 148
1 514 120 533 143
1 596 136 619 164
1 637 119 662 146
1 649 141 673 168
1 622 197 659 237
1 701 184 741 231
1 690 140 716 171
1 699 114 723 140
1 693 97 713 121
1 724 82 745 102
1 743 95 762 121
1 739 80 756 98
1 754 74 769 95
1 742 122 767 150
1 754 155 780 189
1 821 163 852 198
1 803 126 826 159
1 778 108 802 135
1 782 91 801 115
1 791 73 810 97
1 779 65 795 92
1 794 56 811 77
1 807 65 826 87
1 807 89 824 112
1 843 75 857 95
1 842 66 858 82
1 858 69 874 89
1 847 96 867 119
1 868 95 881 115
1 879 74 896 95
1 893 100 910 125
1 900 84 918 106
1 912 121 932 146
1 941 113 958 132
1 970 157 993 192
1 978 108 996 132
1 988 91 1003 111
1 946 93 962 114
1 955 74 973 94
1 913 79 931 97
1 920 69 935 87
