1 57 152 83 183
1 303 114 322 134
1 321 120 341 145
1 336 132 358 155
1 366 131 391 155
1 342 111 360 130
1 347 98 365 116
1 375 100 397 122
1 409 99 432 124
1 418 120 439 144
1 459 108 479 131
1 495 110 515 136
1 471 84 486 101
1 466 97 483 112
1 444 90 467 109
1 415 72 432 91
1 458 77 471 91
1 469 70 482 83
1 493 71 505 89
1 504 79 518 96
1 508 69 523 85
1 513 63 525 75
1 521 66 533 81
1 519 86 535 108
1 528 95 547 115
1 543 84 559 104
1 557 93 575 118
1 576 90 592 111
1 586 80 600 98
1 556 66 571 83
1 566 59 580 82
1 584 58 599 78
1 593 66 607 83
1 611 81 627 98
1 616 66 632 86
1 613 59 625 75
1 632 55 647 73
1 643 52 655 67
1 651 62 666 80
1 666 65 679 87
1 675 65 688 81
1 678 54 694 70
1 703 54 719 69
1 475 146 503 185
1 523 148 556 185
1 578 121 601 148
1 597 155 632 198
1 621 124 645 155
1 619 110 644 133
1 650 96 673 120
1 673 130 703 165
1 700 123 725 153
1 701 164 739 204
1 731 191 771 235
1 711 150 741 174
1 758 128 786 157
1 807 200 837 243
1 888 231 930 278
1 782 149 809 185
1 821 159 848 194
1 788 122 811 147
1 752 98 770 119
1 786 80 803 100
1 777 70 793 90
1 742 72 754 88
1 743 90 757 109
1 724 75 736 95
1 710 90 728 114
1 689 81 706 101
1 815 129 835 160
1 854 134 878 160
1 867 112 888 141
1 906 172 929 207
1 914 148 935 176
1 924 113 942 137
