1 80 126 95 142
1 170 172 204 211
1 191 157 232 203
1 183 123 217 156
1 209 94 231 119
1 254 72 276 97
1 322 96 340 119
1 338 100 359 123
1 366 94 385 116
1 403 111 434 146
1 406 81 431 112
1 397 67 415 89
1 372 65 393 85
1 357 72 374 92
1 428 70 446 92
1 444 92 468 125
1 460 60 478 85
1 447 58 460 75
1 482 59 495 75
1 499 71 514 94
1 518 84 535 106
1 523 75 541 94
1 511 66 527 81
1 505 28 518 41
1 519 27 532 39
1 537 28 553 42
1 550 73 567 92
1 592 66 614 92
1 595 52 614 69
1 628 50 646 71
1 648 52 663 71
1 659 44 676 61
1 694 38 711 55
1 663 75 677 94
1 672 85 691 106
1 582 127 608 158
1 375 169 425 220
1 651 146 682 184
1 689 146 711 172
1 712 126 734 153
1 708 94 729 121
1 700 75 716 93
1 711 59 729 79
1 726 79 742 100
1 742 59 761 79
1 766 73 783 92
1 760 103 776 122
1 691 179 724 222
1 772 183 802 221
1 812 212 850 260
1 807 147 831 181
1 765 124 789 150
1 827 83 854 116
1 875 142 902 177
1 889 77 913 108
