1 205 317 263 376
1 416 148 443 179
1 467 152 503 181
1 499 132 526 160
1 549 146 572 172
1 574 147 603 181
1 636 119 664 150
1 709 103 735 135
1 751 69 764 85
1 696 161 729 194
1 774 152 807 187
1 813 138 843 172
1 830 161 867 202
1 879 145 912 185
1 947 175 981 219
1 903 98 932 127
1 952 106 974 137
1 997 106 1022 140
1 1002 228 1049 282
1 1033 204 1074 256
1 1107 240 1147 292
1 1114 191 1147 238
1 1028 144 1056 172
1 1051 112 1070 140
1 1118 117 1138 141
1 1089 150 1113 183
1 1065 104 1088 131
1 1152 152 1176 187
