1 23 274 56 309
1 280 224 303 253
1 307 234 336 269
1 346 244 372 275
1 342 205 369 235
1 403 238 433 275
1 458 235 480 259
1 450 219 472 239
1 431 200 450 220
1 472 173 488 194
1 488 188 505 207
1 495 200 515 222
1 490 229 519 257
1 546 227 575 256
1 534 204 556 230
1 520 190 539 213
1 516 176 532 192
1 558 165 574 185
1 571 158 586 177
1 571 206 591 226
1 572 183 593 204
1 606 175 627 201
1 623 185 643 213
1 628 164 644 188
1 650 173 669 196
1 681 191 702 217
1 688 180 704 200
1 696 164 710 182
1 668 151 688 176
1 693 148 711 169
1 734 149 750 169
1 744 137 759 156
1 737 167 753 187
1 762 145 779 164
1 777 152 794 174
1 781 163 801 186
1 625 212 649 239
1 599 259 637 301
1 650 241 684 281
1 651 267 693 306
1 719 216 747 249
1 739 249 767 282
1 730 285 772 325
1 801 294 842 342
1 793 241 828 282
1 782 223 809 256
1 768 199 792 231
1 816 181 838 207
1 794 161 812 179
1 803 151 816 164
1 816 154 831 172
1 834 156 850 175
1 855 169 874 189
1 875 193 898 219
1 822 215 848 246
1 898 166 912 186
1 901 148 919 170
1 906 181 926 203
1 927 188 948 213
1 950 155 968 175
1 984 164 1004 189
1 941 178 959 200
1 925 169 943 190
1 855 329 906 387
1 891 264 925 304
1 834 236 861 268
1 949 263 985 306
1 977 247 1004 283
1 986 202 1008 227
1 981 229 1006 256
1 1017 300 1050 344
1 1002 357 1048 407
1 1035 275 1064 308
1 1058 234 1089 270
1 1054 211 1080 241
1 1023 206 1047 231
1 1040 192 1057 216
1 1042 178 1063 199
1 1021 172 1044 200
1 1055 161 1075 192
1 1084 193 1104 220
1 1121 236 1145 265
1 1108 261 1135 297
1 1097 300 1135 347
1 1119 215 1143 239
1 1130 206 1151 232
1 1131 186 1154 214
