1 162 272 207 321
1 258 146 280 172
1 279 151 299 176
1 299 143 318 171
1 318 126 340 148
1 342 120 362 142
1 366 143 387 165
1 365 173 390 197
1 352 142 370 164
1 371 124 390 147
1 405 119 425 140
1 409 144 434 171
1 398 105 412 123
1 423 97 438 117
1 442 97 457 120
1 465 99 483 119
1 471 83 489 100
1 497 90 514 108
1 507 74 520 86
1 531 99 551 120
1 505 108 524 126
1 480 124 501 150
1 498 139 521 163
1 580 85 598 105
1 609 88 628 108
1 600 63 615 79
1 643 64 661 81
1 665 69 685 92
1 721 65 735 83
1 666 103 688 126
1 603 120 628 148
1 603 158 632 191
1 544 154 579 185
1 639 141 665 170
1 650 160 679 199
1 711 135 737 169
1 698 120 722 147
1 694 95 713 117
1 734 81 751 99
1 733 95 755 118
1 731 112 755 139
1 749 148 777 182
1 760 86 781 106
1 771 63 785 81
1 784 72 800 93
1 800 64 817 84
1 812 83 830 105
1 824 74 842 99
1 770 108 794 134
1 818 102 839 131
1 849 95 869 120
1 789 137 812 171
1 808 151 838 187
1 882 160 912 196
1 903 147 924 178
1 970 134 994 169
1 968 124 987 148
1 931 107 951 134
1 935 86 952 108
1 944 84 961 104
1 906 91 930 112
1 878 82 898 99
1 882 99 903 122
1 868 134 891 155
