1 136 363 190 420
1 257 243 280 267
1 313 230 339 262
1 348 236 373 267
1 337 214 362 238
1 378 261 408 295
1 380 222 408 247
1 417 229 441 252
1 427 198 449 222
1 491 227 520 255
1 488 200 514 226
1 478 172 497 194
1 502 178 520 199
1 522 187 545 210
1 529 205 555 230
1 566 224 595 255
1 605 220 634 251
1 531 164 549 183
1 544 171 563 194
1 557 188 576 208
1 568 159 586 178
1 610 184 631 204
1 622 165 642 185
1 634 188 655 210
1 650 169 671 196
1 671 191 691 217
1 686 177 707 201
1 673 150 689 173
1 695 159 714 180
1 694 142 708 161
1 737 159 755 183
1 731 136 747 157
1 760 138 779 159
1 781 169 803 189
1 796 157 816 179
1 795 142 814 160
1 824 148 843 171
1 549 271 587 318
1 597 313 639 359
1 642 239 672 278
1 715 246 749 285
1 722 217 750 249
1 777 230 804 270
1 766 206 791 235
1 790 243 826 286
1 832 238 858 272
1 762 317 808 372
1 696 290 740 341
1 830 316 877 378
1 888 263 926 304
1 934 296 970 340
1 964 355 1013 412
1 1018 312 1059 353
1 1032 265 1065 307
1 971 238 1006 278
1 852 198 877 227
1 825 210 850 241
1 810 188 834 216
1 857 163 878 190
1 889 172 911 198
1 898 160 918 183
1 929 180 952 196
1 914 197 939 224
1 937 196 957 220
1 950 160 966 183
1 985 164 1004 186
1 990 200 1012 227
1 1022 212 1043 243
1 1039 208 1059 237
1 1034 183 1051 205
1 1024 174 1041 195
1 1060 171 1078 197
1 1089 185 1110 211
1 1083 226 1108 254
1 1057 254 1083 285
1 1113 267 1145 308
1 1111 305 1153 351
1 1124 231 1145 263
1 1135 220 1152 241
1 1139 204 1156 225
1 1134 180 1153 205
