1 57 145 75 165
1 284 111 302 133
1 314 97 330 116
1 381 128 402 154
1 375 101 393 121
1 385 72 401 93
1 408 86 430 105
1 405 111 423 133
1 443 107 460 128
1 436 81 459 103
1 429 64 442 79
1 447 66 460 80
1 470 64 486 80
1 490 62 504 78
1 495 91 512 111
1 501 79 516 95
1 519 68 532 83
1 546 67 562 83
1 580 57 591 71
1 541 132 563 157
1 574 102 593 124
1 608 108 630 131
1 610 87 628 110
1 574 141 601 180
1 612 174 645 214
1 612 140 634 171
1 669 110 691 136
1 679 83 697 103
1 643 80 662 102
1 733 117 756 143
1 743 138 766 170
1 770 145 796 183
1 796 139 819 166
1 828 173 858 209
1 821 207 860 252
1 850 110 867 133
