1 157 184 197 219
1 291 139 309 160
1 304 146 329 167
1 312 127 332 149
1 376 140 399 163
1 362 131 378 149
1 393 152 414 174
1 400 122 421 147
1 386 101 403 121
1 416 103 432 122
1 425 105 444 127
1 433 91 453 112
1 466 99 492 126
1 460 117 484 143
1 486 123 508 148
1 478 80 493 100
1 467 79 482 99
1 492 79 509 101
1 503 94 522 118
1 519 85 536 106
1 532 95 552 120
1 545 83 559 105
1 546 74 565 89
1 538 62 552 78
1 564 61 579 78
1 596 59 611 76
1 604 65 619 82
1 618 71 636 90
1 605 85 628 107
1 641 82 661 102
1 626 55 645 74
1 634 46 651 64
1 659 46 673 64
1 655 66 668 84
1 686 70 699 85
1 691 59 704 75
1 683 47 698 64
1 716 48 731 66
1 741 47 757 66
1 570 99 593 124
1 529 154 561 191
1 568 179 602 213
1 588 133 615 161
1 637 165 671 206
1 636 152 661 179
1 666 103 689 129
1 692 84 714 108
1 717 80 735 103
1 741 94 762 117
1 712 105 735 133
1 770 126 799 157
1 762 120 783 146
1 773 99 795 125
1 770 90 787 108
1 797 72 814 90
1 796 59 814 78
1 797 110 825 141
1 826 103 846 131
1 827 74 848 103
1 817 66 833 86
1 848 73 869 98
1 883 70 901 92
1 885 55 902 71
1 918 73 934 95
1 925 63 937 78
1 903 89 926 113
1 882 105 905 136
1 857 125 879 153
1 827 139 861 177
1 779 172 822 222
1 718 165 757 210
1 859 186 901 226
1 883 156 912 196
1 929 141 952 173
1 946 186 983 228
1 954 158 986 192
1 967 132 992 162
1 985 116 1000 136
1 938 108 956 135
1 957 92 976 113
1 945 80 962 98
1 951 69 967 86
1 988 79 1006 101
