1 160 142 198 186
1 280 99 298 118
1 330 86 345 102
1 338 74 354 94
1 353 91 371 110
1 374 95 390 113
1 375 84 389 102
1 380 70 395 86
1 361 125 383 149
1 350 121 369 144
1 397 92 415 114
1 399 73 414 89
1 405 77 421 93
1 414 82 429 100
1 430 102 449 125
1 425 59 436 73
1 439 59 450 73
1 455 85 472 104
1 465 75 482 94
1 484 86 500 107
1 497 76 510 94
1 490 63 503 78
1 502 60 517 78
1 522 75 537 94
1 433 35 445 45
1 489 26 500 36
1 523 52 538 68
1 530 71 544 81
1 565 57 574 69
1 568 47 579 60
1 612 52 626 67
1 630 51 642 66
1 658 26 671 42
1 523 120 543 145
1 540 136 565 167
1 541 115 566 144
1 570 94 588 118
1 596 85 614 106
1 637 81 654 101
1 641 72 655 89
1 652 66 665 82
1 657 75 670 93
1 666 93 685 115
1 673 119 691 143
1 644 134 672 164
1 690 73 704 93
1 699 81 715 101
1 704 96 722 116
1 713 73 724 90
1 705 61 718 81
1 732 77 750 99
1 766 49 783 69
1 789 88 803 106
1 805 86 819 107
1 789 115 807 140
1 780 128 801 156
1 756 125 776 152
1 752 104 768 126
1 752 152 781 184
1 808 134 827 161
1 815 149 838 180
1 838 109 853 132
1 846 86 860 107
1 846 60 861 81
1 835 56 848 76
1 815 62 829 81
