1 72 311 129 372
1 285 142 310 170
1 302 141 326 170
1 328 132 349 164
1 397 127 423 154
1 397 105 423 131
1 425 123 450 155
1 461 141 487 171
1 449 106 470 131
1 473 96 493 118
1 505 124 527 149
1 554 163 582 192
1 601 125 631 154
1 627 106 649 133
1 610 81 628 106
1 628 75 644 96
1 568 79 593 103
1 556 98 575 123
1 534 90 551 115
1 669 79 687 105
1 695 115 719 144
1 736 102 759 128
1 700 81 719 100
1 704 66 723 87
1 735 66 753 86
1 740 81 763 103
1 758 64 776 80
1 767 76 787 97
1 775 101 797 123
1 775 89 793 107
1 796 61 818 83
1 822 74 843 96
1 831 63 849 85
1 827 96 846 117
1 841 116 865 149
1 872 107 895 134
1 867 82 886 109
1 872 70 892 91
1 903 76 924 100
1 766 158 791 191
1 723 182 752 218
1 767 204 801 240
1 821 217 859 263
1 914 215 946 255
1 906 138 933 168
1 935 119 957 147
1 960 103 979 122
1 982 90 998 116
1 961 147 986 178
1 1006 126 1024 154
1 989 115 1009 140
1 1028 91 1048 116
1 1051 109 1068 133
1 1024 120 1043 150
1 1026 164 1052 197
1 997 252 1041 299
1 1063 273 1104 320
1 1101 224 1130 265
1 1084 182 1111 215
1 1100 124 1119 149
1 1122 152 1142 180
1 1136 128 1151 150
1 1149 136 1165 162
1 1172 144 1192 168
1 1197 131 1214 153
1 1141 185 1166 214
1 1195 247 1224 290
1 1191 208 1218 245
1 1226 199 1250 231
1 1219 174 1238 202
1 1233 165 1248 191
1 1238 139 1255 164
