1 127 321 166 367
1 82 298 117 339
1 86 245 114 280
1 14 165 34 187
1 35 150 54 174
1 46 123 62 141
1 141 138 161 162
1 154 129 169 149
1 182 119 201 143
1 213 119 230 143
1 210 156 235 182
1 231 252 259 290
1 277 212 302 242
1 292 182 313 211
1 242 85 256 103
1 269 87 287 109
1 302 85 316 102
1 350 126 370 149
1 363 105 380 125
1 366 91 382 107
1 388 143 408 167
1 428 126 449 151
1 472 117 491 138
1 439 63 455 82
1 497 64 513 83
1 516 56 530 73
1 508 109 528 132
1 572 88 589 107
1 600 78 615 97
1 592 58 608 76
1 577 105 593 124
1 614 113 629 135
1 629 73 643 88
1 644 58 657 73
1 670 105 687 122
1 601 138 620 161
1 579 168 604 201
1 675 183 703 216
1 705 125 723 150
1 709 92 727 113
1 725 69 740 88
1 763 78 779 98
1 738 88 752 105
1 772 153 792 173
1 799 98 814 116
1 692 270 723 310
1 841 200 863 228
1 870 165 896 188
1 864 138 881 160
1 880 134 893 150
1 895 131 908 147
1 886 121 900 134
1 950 127 967 148
1 1003 145 1019 164
1 1054 170 1071 190
1 1139 218 1161 245
1 950 212 980 243
