1 176 178 220 224
1 271 115 288 136
1 293 120 309 140
1 308 126 327 148
1 330 130 349 154
1 314 96 327 116
1 333 101 348 120
1 373 98 389 120
1 388 127 414 151
1 396 106 413 125
1 400 90 417 107
1 401 76 415 94
1 423 106 439 126
1 429 110 447 131
1 451 122 472 145
1 433 90 449 108
1 439 81 454 95
1 463 92 480 112
1 455 73 466 84
1 470 70 483 85
1 477 80 493 97
1 487 66 500 83
1 501 73 513 88
1 507 68 519 82
1 525 75 538 88
1 499 92 518 113
1 516 89 529 107
1 532 95 547 116
1 560 91 576 110
1 572 72 584 85
1 561 65 571 79
1 569 59 579 71
1 586 57 597 71
1 597 72 610 85
1 595 80 608 97
1 616 60 628 73
1 630 68 644 87
1 632 62 643 73
1 639 53 652 68
1 665 59 678 77
1 690 60 700 74
1 654 67 664 81
1 463 145 493 181
1 523 159 551 192
1 561 126 584 154
1 598 111 624 137
1 614 122 635 149
1 651 95 667 119
1 640 145 666 175
1 566 167 602 210
1 672 82 690 100
1 680 98 697 118
1 701 116 721 143
1 703 150 729 179
1 649 184 683 223
1 710 206 742 250
1 740 162 764 192
1 748 125 769 153
1 721 107 737 123
1 723 96 738 110
1 723 70 737 89
1 760 89 779 111
1 766 73 780 92
1 772 118 789 144
1 792 130 814 158
1 784 201 817 243
1 796 186 820 213
1 838 129 859 159
1 854 116 876 140
1 875 176 901 213
1 853 216 890 259
1 885 151 906 178
1 898 109 917 136
