1 96 314 157 380
1 283 146 299 169
1 294 141 311 165
1 302 163 322 187
1 390 160 413 183
1 380 152 396 173
1 364 137 382 154
1 387 137 406 156
1 397 105 411 124
1 413 109 431 126
1 439 101 455 121
1 439 81 453 98
1 472 102 491 124
1 490 103 511 126
1 499 124 521 149
1 470 125 496 151
1 470 92 484 107
1 504 85 518 102
1 499 76 511 89
1 515 105 536 132
1 535 99 552 118
1 550 111 574 140
1 538 74 551 90
1 554 77 572 95
1 574 67 590 83
1 586 61 600 78
1 593 73 607 91
1 606 82 619 101
1 620 96 637 120
1 617 56 631 73
1 637 58 647 75
1 651 52 666 71
1 647 88 664 106
1 690 93 710 117
1 685 74 700 92
1 690 64 703 81
1 682 54 696 72
1 714 52 731 72
1 741 62 755 80
1 582 100 600 119
1 517 158 552 197
1 565 179 594 211
1 605 137 629 162
1 652 135 678 164
1 671 112 690 133
1 700 115 726 145
1 744 82 760 101
1 752 95 771 123
1 773 105 794 134
1 769 134 792 167
1 739 129 766 157
1 802 73 817 92
1 798 62 812 77
1 812 67 828 86
1 843 73 862 96
1 861 76 879 101
1 885 74 900 94
1 908 67 921 87
1 923 72 937 87
1 915 90 932 112
1 927 89 940 103
1 941 112 960 133
1 946 96 962 112
1 959 91 973 109
1 959 73 968 89
1 985 116 1004 140
1 988 140 1009 162
1 970 149 992 174
1 962 171 994 207
1 944 222 982 273
1 853 223 892 271
1 782 209 816 253
1 724 164 767 209
1 652 170 694 212
1 804 128 833 169
1 818 99 840 123
1 857 138 883 170
1 882 111 902 143
1 890 156 923 191
1 930 141 956 174
