1 156 242 197 288
1 261 148 282 171
1 289 149 307 172
1 310 147 329 170
1 325 132 345 153
1 345 124 364 145
1 357 150 376 173
1 374 146 400 171
1 365 126 384 148
1 380 114 397 133
1 405 104 427 125
1 414 142 438 166
1 414 123 435 143
1 433 107 450 126
1 458 109 477 128
1 453 134 472 159
1 490 133 511 161
1 401 163 432 193
1 500 116 519 135
1 480 88 497 111
1 523 86 539 104
1 528 103 549 129
1 553 109 578 137
1 514 73 532 92
1 571 86 590 109
1 592 68 609 88
1 618 92 633 110
1 626 76 641 93
1 629 66 643 81
1 651 73 663 88
1 656 81 670 96
1 675 66 689 83
1 719 64 733 79
1 651 109 674 133
1 587 132 611 165
1 597 156 628 191
1 516 172 549 210
1 635 177 668 219
1 636 137 666 170
1 685 117 711 147
1 700 102 722 127
1 721 93 740 113
1 731 106 752 132
1 709 138 737 173
1 760 115 782 143
1 760 96 779 119
1 751 80 769 100
1 772 41 787 58
1 786 57 803 79
1 810 74 830 96
1 803 81 819 99
1 805 95 827 118
1 778 110 798 138
1 774 157 803 191
1 811 173 842 203
1 829 118 852 152
1 832 84 849 103
1 855 91 876 120
1 869 110 891 137
1 889 72 906 93
1 898 97 917 124
1 943 111 962 135
1 947 97 961 113
1 950 88 964 102
1 906 138 934 176
1 975 152 1000 182
1 979 129 998 155
1 883 191 918 226
