1 137 345 188 401
1 267 227 287 249
1 290 260 318 288
1 324 249 352 285
1 330 213 352 236
1 393 235 423 270
1 375 222 397 249
1 416 221 439 243
1 418 202 437 222
1 460 175 480 196
1 481 224 509 251
1 446 228 476 260
1 523 221 548 251
1 507 206 531 229
1 481 200 504 224
1 484 181 504 202
1 507 174 524 195
1 519 184 540 212
1 552 207 579 237
1 558 177 581 203
1 553 159 571 180
1 602 172 628 199
1 589 222 621 253
1 625 181 645 211
1 652 166 670 193
1 666 189 685 213
1 688 177 709 199
1 665 149 679 167
1 681 144 697 166
1 684 161 704 182
1 718 167 738 188
1 735 137 751 159
1 752 137 769 159
1 758 166 780 190
1 745 156 765 176
1 803 139 822 156
1 809 158 830 180
1 823 146 842 169
1 803 181 822 205
1 561 266 600 312
1 635 235 669 272
1 622 280 666 325
1 696 294 737 344
1 749 295 796 349
1 721 240 757 279
1 714 212 742 245
1 754 194 780 227
1 771 229 796 259
1 781 237 814 276
1 815 207 836 236
1 841 200 864 228
1 846 166 864 191
1 823 237 850 272
1 858 265 893 303
1 829 350 875 402
1 959 382 1003 439
1 916 277 955 320
1 1001 306 1040 350
1 883 166 904 190
1 898 160 913 182
1 933 186 953 213
1 928 177 945 198
1 943 175 961 200
1 939 162 955 183
1 972 160 992 186
1 988 179 1010 206
1 979 197 997 219
1 995 223 1018 253
1 976 236 1005 273
1 1024 262 1060 302
1 1084 296 1120 342
1 1107 237 1132 274
1 1111 214 1130 242
1 1122 202 1142 228
1 1130 192 1149 215
1 1060 172 1076 194
1 1016 173 1034 196
1 1031 181 1053 208
1 1012 217 1038 248
1 1045 224 1069 258
1 1066 214 1088 243
1 1078 201 1098 224
