1 170 239 214 286
1 278 117 298 137
1 328 112 346 132
1 344 128 363 152
1 424 128 451 154
1 365 146 389 169
1 319 103 335 120
1 340 98 356 118
1 375 96 391 116
1 384 101 402 124
1 436 106 456 132
1 412 76 430 92
1 429 83 445 105
1 441 77 456 96
1 462 84 481 105
1 465 106 489 132
1 505 110 528 135
1 504 90 525 111
1 470 69 483 84
1 485 71 497 92
1 489 62 505 77
1 501 69 519 90
1 530 80 547 98
1 546 97 571 119
1 579 90 598 108
1 576 74 591 91
1 569 75 580 91
1 557 71 568 83
1 556 82 572 99
1 542 66 557 82
1 518 63 535 80
1 575 56 589 74
1 589 58 599 74
1 596 73 612 90
1 616 76 633 96
1 611 60 628 76
1 634 57 648 73
1 651 66 665 84
1 655 48 671 64
1 671 57 684 74
1 685 59 697 75
1 695 49 708 63
1 712 47 728 66
1 511 134 543 173
1 536 144 563 179
1 566 118 595 146
1 586 174 620 210
1 616 137 645 165
1 632 107 652 132
1 673 140 701 175
1 690 157 721 196
1 681 85 704 109
1 702 93 725 119
1 728 114 748 143
1 745 102 763 127
1 756 92 774 111
1 725 69 743 91
1 754 69 770 88
1 766 78 784 100
1 764 64 778 78
1 786 64 804 84
1 812 76 830 96
1 766 121 792 151
1 787 126 815 156
1 796 112 818 136
1 704 149 731 176
1 769 203 804 246
1 815 212 850 252
1 890 215 925 261
1 908 181 936 218
1 926 157 952 190
1 926 118 948 145
1 885 122 904 146
1 860 144 885 173
1 834 166 866 202
1 787 160 815 195
