1 86 241 145 311
1 279 129 299 152
1 341 139 363 165
1 340 113 362 140
1 390 106 409 128
1 410 112 428 134
1 410 96 422 114
1 426 96 441 115
1 437 120 459 144
1 422 137 446 161
1 432 154 455 182
1 512 124 532 151
1 464 115 484 141
1 465 96 481 116
1 456 85 471 101
1 502 92 517 113
1 495 112 515 135
1 528 114 548 138
1 547 97 564 117
1 537 83 551 97
1 515 85 529 101
1 503 79 514 93
1 569 80 585 97
1 574 115 597 142
1 614 91 632 112
1 607 69 621 88
1 620 63 634 82
1 632 73 649 93
1 644 62 661 80
1 658 72 675 92
1 673 82 690 101
1 671 67 684 83
1 691 68 704 82
1 692 80 709 97
1 698 61 715 77
1 722 62 736 76
1 729 69 742 83
1 756 68 768 83
1 604 150 634 186
1 592 140 619 170
1 659 115 678 139
1 659 138 686 166
1 723 143 749 175
1 704 117 727 144
1 692 107 714 128
1 749 105 766 125
1 749 94 766 113
1 777 80 793 102
1 759 137 780 167
1 781 145 802 179
1 803 141 827 171
1 786 118 808 140
1 799 101 813 120
1 806 77 824 104
1 829 77 845 101
1 846 87 861 107
1 861 88 874 107
1 874 81 886 97
1 845 120 865 145
1 839 159 867 195
1 905 198 933 231
1 962 217 996 255
1 930 141 960 175
1 892 134 911 158
1 893 116 911 134
1 882 101 896 118
1 902 84 917 102
1 911 108 928 129
1 922 94 938 116
1 945 91 960 111
1 970 89 984 109
1 948 118 966 139
1 979 123 1001 149
1 986 144 1005 167
1 981 165 1002 196
1 1003 122 1021 142
1 998 98 1013 116
1 993 111 1006 128
