1 154 263 202 313
1 276 146 297 170
1 362 106 381 130
1 409 121 432 144
1 380 138 408 168
1 456 120 483 145
1 425 90 440 106
1 522 68 537 87
1 548 70 565 86
1 574 57 587 73
1 579 72 590 89
1 594 66 608 83
1 571 100 590 120
1 625 82 640 104
1 668 57 683 78
1 714 48 730 66
1 736 41 751 61
1 712 80 733 108
1 702 85 720 110
1 666 94 686 118
1 665 117 691 149
1 611 140 644 170
1 554 135 580 165
1 546 180 573 215
1 487 168 518 204
1 657 173 694 217
1 725 146 752 184
1 752 69 778 98
1 776 118 801 149
1 780 150 808 187
1 761 168 790 217
1 794 196 839 244
1 895 195 937 241
1 898 171 932 208
1 847 155 875 192
1 821 127 849 157
1 821 66 837 86
1 848 76 860 94
1 857 66 871 82
1 881 74 896 92
1 921 78 936 97
1 947 88 961 103
