1 45 222 74 259
1 254 162 276 181
1 306 155 325 184
1 309 135 333 161
1 377 147 401 169
1 419 151 437 175
1 403 129 422 149
1 390 107 412 129
1 419 110 436 130
1 427 98 448 122
1 444 95 461 119
1 453 92 473 112
1 465 124 491 152
1 501 121 525 147
1 473 101 495 127
1 496 102 513 124
1 512 90 527 111
1 502 77 515 98
1 518 82 532 100
1 519 108 540 132
1 559 107 579 132
1 545 89 563 108
1 535 80 552 97
1 555 77 568 92
1 575 97 590 117
1 594 94 618 116
1 582 70 597 90
1 596 63 616 84
1 622 75 639 95
1 622 63 638 78
1 635 54 648 71
1 647 74 667 96
1 657 58 670 71
1 662 69 679 91
1 682 54 701 73
1 685 67 698 87
1 703 72 718 92
1 692 90 713 115
1 710 58 726 77
1 746 52 764 71
1 533 160 562 199
1 592 166 622 200
1 610 130 636 158
1 652 140 684 174
1 665 163 695 198
1 727 166 772 215
1 782 186 818 234
1 777 141 804 175
1 738 124 772 155
1 721 97 739 120
1 695 117 722 143
1 665 109 687 137
1 751 92 770 121
1 768 90 789 112
1 772 106 795 137
1 799 117 824 147
1 828 112 850 138
1 829 89 847 112
1 798 77 816 99
1 815 69 831 92
1 783 55 802 80
1 836 151 861 184
1 850 187 890 232
1 890 157 917 192
1 943 197 985 241
1 972 161 996 200
1 970 148 992 177
1 990 138 1007 164
1 978 118 998 149
1 921 144 947 174
1 862 131 888 163
1 872 101 897 129
1 935 114 955 139
1 946 96 961 117
1 958 79 973 98
1 992 92 1004 107
1 915 77 930 95
1 918 96 936 122
1 865 76 885 101
1 885 72 902 95
1 898 77 911 94
