1 289 142 305 163
1 304 150 328 177
1 312 134 331 155
1 377 142 401 168
1 405 150 423 175
1 382 109 399 129
1 418 109 436 128
1 430 96 444 112
1 462 123 481 145
1 486 105 514 135
1 467 102 485 122
1 475 82 488 101
1 487 86 503 104
1 494 80 504 92
1 514 91 528 108
1 510 107 529 130
1 538 68 550 83
1 544 81 558 101
1 555 89 569 106
1 546 104 567 129
1 569 101 582 118
1 583 103 599 122
1 565 72 581 89
1 596 71 610 87
1 589 59 602 76
1 617 73 632 92
1 625 69 641 86
1 631 52 642 71
1 648 55 659 70
1 652 70 665 90
1 637 84 654 102
1 679 74 694 88
1 670 66 683 79
1 677 52 691 68
1 711 56 725 72
1 738 51 752 68
1 511 175 538 208
1 584 173 615 209
1 595 136 623 164
1 637 142 662 174
1 663 111 687 135
1 645 183 681 219
1 698 180 732 220
1 708 109 734 136
1 692 90 715 114
1 719 86 739 106
1 730 104 752 127
1 761 93 779 115
1 771 102 792 129
1 762 135 790 168
1 789 117 816 146
1 824 107 845 135
1 803 75 818 97
1 810 68 826 87
1 781 57 798 79
1 824 81 843 106
1 847 80 867 105
1 878 112 900 137
1 852 129 880 159
1 835 146 866 182
1 795 182 834 228
1 835 217 878 263
1 880 176 908 214
1 883 75 897 93
1 886 66 902 85
1 907 77 923 94
1 904 94 921 115
1 920 115 942 141
1 916 142 936 168
1 941 203 980 254
1 951 159 982 201
1 967 146 988 172
1 979 132 997 154
1 980 118 992 135
1 939 92 957 115
1 945 76 964 95
1 936 72 950 89
1 984 86 997 106
