1 223 198 271 251
1 264 163 286 184
1 297 151 313 174
1 314 145 334 167
1 324 129 340 146
1 346 127 366 146
1 322 168 351 193
1 361 151 383 180
1 392 127 410 146
1 392 114 411 134
1 425 129 444 154
1 445 150 468 179
1 449 131 472 152
1 452 110 469 134
1 434 95 447 114
1 466 109 483 130
1 483 128 505 154
1 497 109 514 130
1 483 79 497 97
1 497 83 512 102
1 503 90 521 109
1 531 106 552 126
1 514 73 526 86
1 552 74 570 91
1 566 86 584 107
1 550 90 566 107
1 565 111 586 134
1 593 91 612 111
1 591 64 604 77
1 583 75 596 89
1 635 74 649 93
1 622 80 639 100
1 623 54 636 69
1 630 68 643 81
1 644 70 655 85
1 662 67 675 82
1 664 56 679 70
1 683 62 694 78
1 694 64 710 81
1 691 53 704 68
1 726 55 740 74
1 590 135 615 161
1 561 171 592 206
1 504 162 534 200
1 636 146 663 172
1 633 127 654 148
1 677 94 699 120
1 693 114 714 142
1 694 143 724 175
1 706 189 747 232
1 608 209 646 243
1 730 122 757 150
1 717 80 737 104
1 747 96 767 122
1 768 94 787 115
1 750 74 772 99
1 775 76 792 95
1 777 69 794 84
1 801 57 819 77
1 817 66 831 84
1 827 68 839 85
1 819 88 837 109
1 790 118 812 147
1 780 106 799 129
1 747 160 780 194
1 820 159 851 195
1 866 137 888 168
1 850 99 870 123
1 849 80 863 95
1 869 77 886 93
1 869 91 881 106
1 896 107 914 132
1 917 116 939 143
1 913 86 931 107
1 919 70 933 86
1 943 67 962 90
1 940 99 954 120
1 947 114 966 139
1 950 90 966 109
1 983 113 1000 137
1 982 99 996 112
1 984 87 997 101
