1 46 205 74 239
1 60 243 89 281
1 124 310 166 351
1 236 220 268 256
1 230 174 259 207
1 274 146 299 174
1 193 131 213 158
1 134 94 152 117
1 44 115 62 131
1 176 70 193 90
1 187 83 204 105
1 210 95 228 120
1 251 61 269 87
1 295 57 321 79
1 333 90 351 111
1 339 75 356 97
1 382 103 404 126
1 413 105 433 128
1 452 78 470 102
1 426 33 441 53
1 467 36 480 53
1 507 84 525 103
1 553 133 574 161
1 659 239 694 277
1 518 33 531 52
1 554 58 572 77
1 559 76 577 97
1 572 49 593 70
1 575 25 589 40
1 611 45 627 60
1 600 85 618 105
1 573 106 592 131
1 645 148 670 176
1 665 78 681 97
1 690 95 710 120
1 739 116 761 140
1 649 30 664 46
1 713 60 731 79
1 700 41 711 54
1 750 49 766 66
1 794 67 807 86
1 849 99 872 123
1 856 135 881 160
1 823 168 847 197
1 952 189 974 220
1 933 100 953 120
1 984 112 1003 130
1 1036 138 1054 158
1 1059 149 1079 174
1 1126 189 1149 214
