1 246 118 266 144
1 312 87 336 116
1 387 120 412 147
1 383 101 402 121
1 408 101 425 120
1 426 106 442 130
1 441 134 466 160
1 461 109 481 132
1 385 64 403 83
1 385 42 408 61
1 414 68 431 85
1 424 54 440 71
1 476 121 497 145
1 452 54 473 75
1 462 67 484 88
1 486 40 502 57
1 486 62 501 77
1 508 89 527 112
1 486 108 505 128
1 529 79 546 96
1 533 48 546 64
1 554 64 569 78
1 569 47 586 66
1 592 51 609 69
1 606 63 622 81
1 612 52 624 65
1 574 68 587 82
1 639 69 654 85
1 661 74 674 91
1 668 52 683 69
1 693 58 712 75
1 690 33 701 45
1 717 59 731 71
1 551 100 575 125
1 559 143 585 174
1 608 132 634 163
1 620 116 639 136
1 649 104 672 128
1 568 87 586 107
1 681 97 702 120
1 714 96 736 119
1 748 98 776 131
1 737 73 751 92
1 617 174 644 207
1 797 115 816 141
1 807 137 834 168
1 754 53 770 70
1 778 57 795 78
1 839 86 856 105
1 833 49 853 74
1 801 87 818 105
1 876 49 893 69
1 924 73 942 96
1 896 95 923 127
1 868 93 889 115
1 854 117 872 142
1 974 148 1007 193
1 968 199 1008 249
1 945 96 974 134
1 961 85 982 114
1 992 76 1008 97
1 982 64 997 85
