1 181 231 224 282
1 287 111 304 130
1 306 112 323 132
1 318 124 336 148
1 366 119 389 144
1 391 120 410 147
1 402 134 430 159
1 396 112 416 132
1 365 97 380 116
1 373 88 389 105
1 418 78 431 94
1 453 76 465 89
1 462 80 475 92
1 465 88 481 106
1 461 100 481 118
1 452 111 474 136
1 470 70 480 84
1 482 71 497 85
1 496 62 505 75
1 484 84 501 99
1 510 83 525 104
1 530 78 547 97
1 535 73 548 90
1 514 69 528 83
1 556 78 571 93
1 554 93 575 115
1 576 80 594 100
1 592 76 609 93
1 580 61 593 74
1 603 54 616 65
1 607 69 620 86
1 625 82 644 98
1 625 56 637 72
1 638 58 656 77
1 673 55 687 71
1 725 31 739 47
1 547 121 569 146
1 604 127 631 158
1 609 110 631 133
1 658 114 680 138
1 702 95 722 122
1 727 90 747 112
1 731 121 749 146
1 759 127 781 155
1 762 160 792 195
1 758 100 779 126
1 723 71 742 89
1 754 63 769 83
1 778 71 792 88
1 786 86 803 104
1 782 107 806 132
1 803 64 815 80
1 820 71 830 85
1 823 87 838 105
1 834 75 848 92
1 848 74 860 91
1 860 89 877 108
1 847 107 869 133
1 837 122 853 149
1 878 121 894 143
1 883 104 898 125
1 877 83 891 102
1 892 95 904 110
1 902 73 918 92
1 891 182 920 218
1 906 129 929 160
1 934 103 952 127
1 929 90 945 107
1 949 92 961 111
