1 214 122 236 148
1 284 95 303 115
1 325 91 339 107
1 352 81 366 96
1 366 81 381 98
1 380 79 394 96
1 390 73 402 87
1 394 67 404 79
1 409 77 422 94
1 422 75 433 92
1 416 96 434 118
1 442 90 457 107
1 443 75 458 91
1 430 68 439 79
1 412 66 424 79
1 442 61 453 74
1 462 79 475 96
1 477 68 489 83
1 469 60 479 74
1 484 88 499 104
1 472 101 490 122
1 511 86 529 104
1 496 73 511 89
1 507 61 519 77
1 516 56 528 72
1 533 67 547 81
1 550 83 564 98
1 554 74 564 85
1 553 51 564 63
1 583 63 596 77
1 591 54 600 65
1 604 55 615 67
1 630 58 638 69
1 517 111 538 135
1 561 90 577 116
1 583 90 601 108
1 588 102 610 128
1 628 105 648 132
1 619 80 634 99
1 637 83 653 102
1 643 68 657 84
1 659 72 671 84
1 660 82 675 100
1 679 65 689 80
1 685 82 699 99
1 694 73 705 87
1 702 83 715 100
1 712 96 726 115
1 713 66 723 81
1 720 76 734 90
1 735 63 747 78
1 741 81 752 96
1 735 93 748 111
1 762 98 777 116
1 763 70 775 87
1 790 72 804 88
1 812 83 822 98
1 799 111 816 136
1 782 130 802 150
1 825 121 841 147
1 836 109 851 128
1 838 98 849 110
1 839 81 852 95
