1 161 153 198 192
1 250 105 267 125
1 313 118 332 140
1 315 99 330 117
1 376 133 402 158
1 374 114 395 135
1 365 95 381 112
1 360 79 374 94
1 379 75 396 95
1 406 102 423 121
1 405 84 419 101
1 411 66 421 80
1 433 98 451 121
1 455 101 476 125
1 441 91 457 109
1 445 71 457 90
1 432 68 444 81
1 453 62 467 80
1 466 56 479 71
1 482 62 494 76
1 487 57 498 69
1 479 84 498 104
1 489 78 501 94
1 506 87 525 108
1 506 61 519 74
1 514 56 524 69
1 528 35 538 49
1 540 57 553 70
1 547 74 564 95
1 573 71 591 91
1 565 59 578 75
1 577 59 592 74
1 572 50 583 61
1 591 49 601 60
1 592 58 602 69
1 606 45 620 57
1 622 51 636 68
1 638 59 653 72
1 638 48 652 61
1 530 114 553 139
1 579 116 603 144
1 591 93 607 112
1 617 88 633 110
1 615 128 639 158
1 666 110 688 132
1 654 82 670 101
1 677 89 693 108
1 685 81 700 98
1 685 63 700 81
1 703 64 716 81
1 716 61 728 77
1 731 67 745 83
1 741 56 753 70
1 678 120 705 157
1 711 129 731 154
1 704 94 724 117
1 736 102 753 120
1 746 75 759 91
1 772 59 786 76
1 774 79 786 98
1 786 78 798 95
1 794 69 805 84
1 810 88 824 109
1 792 96 807 118
1 785 113 803 139
1 778 151 804 183
1 809 135 828 162
1 848 165 871 203
1 832 112 848 131
1 861 129 884 158
1 867 114 884 137
1 875 91 889 108
1 884 99 897 118
1 846 84 861 99
1 835 70 847 86
