1 184 317 231 365
1 352 178 375 206
1 365 156 386 181
1 393 178 419 206
1 424 184 451 216
1 434 175 460 195
1 428 153 448 173
1 424 138 446 159
1 462 142 487 171
1 488 147 510 173
1 502 128 519 149
1 518 119 536 141
1 534 142 553 162
1 555 138 580 164
1 548 108 567 130
1 596 138 619 165
1 603 114 626 138
1 573 92 593 114
1 556 97 573 115
1 476 182 504 215
1 608 95 628 115
1 610 83 625 101
1 626 81 642 103
1 637 102 656 124
1 652 89 670 112
1 675 100 694 124
1 701 117 724 141
1 691 86 708 106
1 698 68 714 83
1 717 93 737 116
1 722 79 739 95
1 734 64 749 79
1 749 97 769 123
1 760 64 777 81
1 788 58 802 77
1 790 83 811 104
1 759 79 778 99
1 822 70 837 87
1 820 86 839 102
1 868 68 880 85
1 656 180 692 224
1 678 161 708 195
1 743 169 774 202
1 762 131 784 163
1 804 147 834 180
1 806 176 839 215
1 750 213 788 262
1 949 188 982 233
1 847 117 869 145
1 846 103 866 122
1 884 89 904 113
1 894 104 919 136
1 880 147 904 179
1 909 89 930 116
1 924 74 941 94
1 935 111 956 138
1 956 142 977 166
1 916 165 946 200
1 1008 159 1037 197
1 995 258 1045 316
1 1089 278 1133 334
1 1116 217 1149 263
1 1049 186 1085 230
1 1075 163 1104 196
1 1132 189 1158 224
1 1137 155 1162 189
1 1148 140 1167 163
1 1070 144 1096 169
1 1022 142 1046 168
1 987 114 1011 140
1 962 97 984 118
1 969 86 989 104
1 982 71 997 88
1 1002 75 1019 99
1 999 100 1022 124
1 1026 85 1046 109
1 1039 82 1055 103
1 1056 102 1077 126
1 1044 123 1066 147
1 1072 93 1091 116
1 1088 79 1104 97
1 1106 119 1124 140
1 1116 99 1135 120
1 1131 94 1146 115
1 1150 102 1167 122
