1 98 292 158 360
1 274 148 297 172
1 290 147 315 176
1 315 139 338 168
1 383 135 408 162
1 378 112 408 140
1 414 129 443 160
1 432 116 455 148
1 463 145 487 172
1 456 108 478 134
1 496 134 521 159
1 513 96 531 119
1 538 103 558 130
1 535 166 563 202
1 592 127 617 160
1 563 92 581 114
1 577 84 598 113
1 588 92 613 119
1 610 80 630 104
1 622 113 642 137
1 687 123 709 146
1 644 85 666 116
1 667 88 685 114
1 691 75 710 94
1 688 89 710 112
1 717 109 737 134
1 715 75 734 95
1 727 93 744 115
1 746 67 764 88
1 751 81 771 99
1 760 98 776 122
1 774 108 795 134
1 788 65 806 87
1 812 81 831 105
1 821 75 840 93
1 820 101 838 120
1 856 86 874 111
1 862 75 877 96
1 887 82 904 104
1 873 118 894 144
1 820 127 847 164
1 758 160 792 196
1 737 204 772 246
1 705 187 734 222
1 808 221 842 260
1 900 218 931 257
1 895 143 923 177
1 925 125 947 153
1 946 111 966 134
1 967 110 985 134
1 978 92 1001 117
1 1009 104 1029 129
1 1021 124 1046 151
1 992 135 1013 166
1 950 158 975 185
1 1010 170 1038 205
1 985 252 1027 298
1 1064 275 1102 325
1 1085 230 1117 273
1 1071 189 1097 220
1 1089 129 1104 156
1 1122 126 1139 148
1 1113 158 1134 185
1 1121 146 1141 170
1 1162 150 1183 177
1 1188 140 1206 165
1 1148 192 1171 225
1 1173 207 1201 251
1 1169 245 1205 293
1 1214 202 1239 239
1 1204 173 1223 204
1 1218 176 1236 199
1 1233 146 1248 171
