1 64 192 86 221
1 274 136 291 159
1 282 148 305 168
1 341 115 355 136
1 360 113 376 131
1 380 103 395 125
1 403 102 416 121
1 371 125 388 144
1 361 144 385 170
1 410 140 428 161
1 421 146 447 171
1 418 115 434 135
1 438 99 454 121
1 470 100 487 120
1 482 81 497 97
1 503 82 516 100
1 510 70 524 85
1 518 79 531 95
1 497 104 511 123
1 488 124 512 147
1 475 125 493 145
1 531 97 550 118
1 536 89 552 108
1 566 98 585 123
1 577 82 594 104
1 600 60 614 77
1 595 76 611 94
1 608 89 624 107
1 621 75 634 93
1 629 61 641 77
1 642 59 656 82
1 654 72 670 90
1 677 58 693 75
1 672 69 691 90
1 713 54 727 73
1 774 59 788 75
1 804 64 817 80
1 821 68 836 91
1 880 78 898 98
1 894 77 913 100
1 943 81 957 97
1 936 90 952 112
1 842 85 857 105
1 806 83 821 102
1 746 75 761 93
1 721 76 736 96
1 732 92 752 117
1 757 90 776 110
1 772 100 793 125
1 807 104 828 135
1 880 108 900 136
1 945 108 958 130
1 959 120 979 141
1 964 135 987 161
1 891 165 918 198
1 888 146 912 177
1 809 137 834 169
1 756 140 782 170
1 741 113 759 136
1 713 135 733 161
1 685 106 702 125
1 683 93 701 113
1 650 110 668 132
1 581 131 603 153
1 639 143 657 161
1 610 157 633 182
1 658 164 685 195
1 518 155 546 185
