1 17 287 46 324
1 282 227 301 252
1 316 234 338 262
1 348 207 368 228
1 349 244 371 272
1 406 248 431 275
1 432 196 453 220
1 459 236 478 260
1 451 220 471 246
1 481 173 499 192
1 571 161 591 180
1 560 163 576 182
1 572 177 593 197
1 598 179 619 203
1 629 171 648 186
1 629 183 647 206
1 673 152 686 167
1 696 152 716 171
1 670 167 687 183
1 681 173 703 195
1 670 187 690 209
1 630 207 651 232
1 572 205 592 227
1 536 208 560 229
1 537 230 564 256
1 499 232 523 255
1 501 203 524 225
1 521 179 536 192
1 735 148 751 166
1 746 137 759 153
1 762 148 779 164
1 801 147 813 162
1 782 168 801 189
1 818 154 834 173
1 836 152 849 171
1 815 180 840 205
1 736 167 756 188
1 906 149 920 171
1 950 152 969 174
1 945 172 961 187
1 908 177 926 202
1 926 187 949 214
1 869 192 891 217
1 856 178 873 199
1 986 167 1000 182
1 1023 174 1041 193
1 1047 179 1063 197
1 1062 171 1080 192
1 1090 193 1106 213
1 1141 192 1155 210
1 1135 209 1152 231
1 1061 213 1079 239
1 1039 196 1056 218
1 989 202 1009 227
1 1018 204 1038 233
1 983 231 1005 254
1 974 245 996 274
1 1048 236 1071 263
1 1126 241 1145 262
1 1111 262 1137 298
1 1042 272 1069 305
1 1094 307 1118 342
1 1016 310 1046 338
1 951 274 978 302
1 894 265 921 297
1 834 230 861 257
1 799 248 831 279
1 790 227 811 251
1 771 208 793 233
1 722 218 747 245
1 606 257 633 297
1 652 247 681 280
1 653 267 683 303
1 701 280 731 309
1 732 283 769 322
1 796 303 832 346
1 851 327 895 382
1 1001 339 1039 387
