1 40 159 64 185
1 298 116 316 137
1 302 96 318 113
1 330 100 345 117
1 393 79 406 96
1 382 104 400 121
1 422 107 441 127
1 418 82 435 100
1 426 76 441 91
1 444 63 458 78
1 469 70 478 79
1 481 59 493 72
1 495 63 510 76
1 527 60 540 74
1 565 53 577 68
1 588 49 600 64
1 606 45 618 61
1 467 111 492 135
1 451 80 467 98
1 478 78 496 96
1 514 77 527 94
1 538 78 557 94
1 531 93 555 112
1 500 133 525 161
1 546 147 571 172
1 588 144 612 173
1 641 158 674 195
1 565 119 585 141
1 607 101 628 125
1 558 84 576 106
1 573 70 590 84
1 602 72 617 87
1 614 58 625 72
1 628 61 641 75
1 637 55 647 68
1 657 54 669 68
1 659 63 673 77
1 677 60 689 74
1 681 78 696 96
1 694 66 709 83
1 723 63 740 80
1 734 65 744 76
1 753 66 769 83
1 715 84 730 100
1 741 90 759 110
1 674 106 690 123
1 689 114 712 137
1 636 105 657 126
1 647 123 669 145
1 766 96 784 117
1 780 84 791 96
1 784 94 801 111
1 796 86 809 104
1 816 73 829 88
1 808 92 823 112
1 833 90 845 108
1 842 78 856 95
1 850 75 863 90
1 870 78 882 96
1 876 87 892 102
1 863 90 878 106
1 901 97 918 121
1 914 92 927 110
1 856 108 871 121
1 841 115 863 145
1 822 111 839 132
1 892 139 912 163
1 867 165 891 196
1 811 153 831 181
1 796 179 824 212
1 747 133 770 162
1 778 127 800 159
1 698 210 732 243
1 610 132 637 160
