1 59 107 76 128
1 47 126 65 146
1 62 134 82 158
1 98 228 127 259
1 80 264 110 295
1 116 296 149 338
1 235 233 262 267
1 287 196 315 227
1 308 156 333 181
1 210 145 232 170
1 210 128 229 146
1 160 132 183 154
1 142 119 163 140
1 191 81 209 103
1 206 96 223 114
1 236 96 258 120
1 256 67 270 84
1 271 68 285 86
1 310 63 326 80
1 371 74 390 93
1 366 85 386 106
1 357 106 380 128
1 397 122 415 145
1 425 110 447 130
1 465 92 484 116
1 447 40 463 58
1 505 44 522 61
1 533 40 550 58
1 597 43 613 62
1 580 70 598 87
1 585 86 604 105
1 615 90 636 111
1 604 116 627 141
1 569 149 594 175
1 700 91 717 110
1 711 107 729 128
1 717 75 735 93
1 739 72 759 88
1 731 51 745 69
1 769 60 790 76
1 647 39 663 52
1 639 56 657 69
1 695 165 726 195
1 702 246 731 287
1 782 133 803 152
1 799 80 815 98
1 873 117 889 136
1 887 116 906 133
1 905 106 924 127
1 880 147 904 167
1 843 177 873 204
1 965 200 993 227
1 963 111 985 131
1 1010 130 1032 146
1 1063 148 1081 170
1 1144 192 1166 213
