1 91 192 125 233
1 296 111 315 131
1 304 94 322 113
1 326 95 343 112
1 398 82 411 98
1 391 99 407 116
1 415 70 425 81
1 425 85 439 101
1 421 102 438 120
1 435 65 453 86
1 444 92 463 110
1 450 111 472 134
1 464 61 477 73
1 474 56 486 68
1 481 74 502 92
1 504 87 525 103
1 505 71 520 88
1 519 76 539 96
1 515 58 529 71
1 548 53 562 65
1 544 64 559 79
1 555 77 570 93
1 568 61 583 80
1 572 46 582 57
1 605 45 615 57
1 592 67 607 82
1 626 46 636 56
1 621 54 633 65
1 618 64 633 79
1 640 58 650 70
1 665 57 677 71
1 600 93 618 114
1 717 55 729 70
1 726 61 739 75
1 742 63 755 77
1 490 129 511 156
1 540 120 561 141
1 518 141 542 169
1 803 71 815 88
1 838 66 848 80
1 830 71 842 88
1 866 78 878 95
1 893 82 905 98
1 825 82 836 100
1 856 86 870 105
1 901 99 913 118
1 878 114 899 138
1 873 136 893 163
1 861 160 882 191
1 585 134 612 167
1 592 121 610 141
1 675 73 690 90
1 663 82 678 99
1 644 78 659 97
1 629 94 648 119
1 632 121 649 147
1 688 102 707 126
1 717 69 731 87
1 708 80 722 97
1 731 87 746 107
1 750 77 763 95
1 785 79 798 98
1 840 103 857 130
1 810 90 826 111
1 786 101 801 120
1 770 90 783 112
1 751 100 766 126
1 769 116 789 138
1 817 125 838 155
1 800 145 822 175
1 788 170 814 205
1 749 135 774 168
1 702 181 731 221
1 651 145 677 178
1 452 76 466 91
1 498 64 513 75
