1 176 223 222 271
1 287 147 310 165
1 298 155 321 180
1 376 149 393 169
1 390 160 410 182
1 397 132 415 149
1 389 110 407 130
1 419 112 434 129
1 426 90 442 106
1 450 99 468 118
1 481 86 496 102
1 498 88 513 104
1 510 96 528 112
1 478 101 499 122
1 470 127 490 153
1 504 128 527 153
1 535 97 554 118
1 545 112 564 133
1 546 86 562 101
1 548 68 561 84
1 567 73 583 87
1 589 69 603 84
1 603 73 618 88
1 595 101 612 119
1 589 94 603 108
1 625 71 640 90
1 637 52 649 67
1 661 58 672 70
1 672 59 684 71
1 648 74 663 89
1 689 64 703 77
1 687 76 703 92
1 722 57 735 73
1 747 55 760 70
1 730 85 746 100
1 704 97 723 115
1 660 115 678 136
1 648 90 667 105
1 605 92 621 106
1 663 139 685 162
1 588 145 608 167
1 526 165 556 198
1 570 182 597 208
1 651 179 682 210
1 711 118 734 142
1 740 100 763 124
1 773 91 789 108
1 775 65 792 83
1 792 71 807 90
1 821 71 834 86
1 839 77 854 95
1 771 108 794 132
1 747 134 769 157
1 721 192 753 227
1 760 150 783 178
1 805 119 826 144
1 824 111 843 137
1 868 83 885 102
1 890 74 907 93
1 926 64 938 80
1 919 81 934 97
1 908 92 928 116
1 881 105 903 133
1 862 142 886 171
1 822 156 849 189
1 783 210 815 253
1 849 230 882 268
1 945 197 976 229
1 896 168 923 201
1 921 139 942 162
1 934 115 953 136
1 982 150 1002 174
1 983 117 998 145
1 953 96 972 115
1 992 89 1006 105
