1 130 351 178 403
1 259 232 276 253
1 289 243 310 272
1 333 208 350 228
1 324 265 345 286
1 386 241 412 270
1 412 225 430 247
1 410 206 428 223
1 456 180 473 198
1 484 188 499 203
1 476 228 499 251
1 441 239 462 261
1 474 207 490 226
1 501 179 515 195
1 522 182 537 199
1 523 236 545 256
1 555 212 575 231
1 556 182 575 200
1 546 171 564 187
1 554 165 570 179
1 604 180 621 200
1 619 187 635 208
1 653 190 672 210
1 642 179 658 196
1 658 158 674 175
1 676 153 691 169
1 685 180 700 198
1 712 173 729 191
1 716 157 731 173
1 722 144 738 161
1 755 171 772 189
1 759 154 775 169
1 800 146 814 161
1 805 162 818 177
1 815 155 830 173
1 743 154 757 165
1 585 227 608 250
1 560 276 590 308
1 627 289 659 325
1 636 244 661 273
1 685 305 720 349
1 746 310 783 354
1 820 361 863 407
1 969 347 1009 398
1 1098 315 1133 355
1 1084 302 1107 326
1 992 317 1032 357
1 929 282 962 315
1 966 243 992 274
1 1013 269 1042 305
1 1112 275 1134 302
1 1098 222 1115 243
1 1114 213 1131 232
1 1124 199 1140 215
1 1071 196 1090 219
1 1039 230 1059 254
1 1066 224 1082 242
1 1010 222 1029 244
1 1021 187 1039 210
1 1054 176 1068 193
1 1013 180 1028 193
1 978 209 997 229
1 981 185 999 204
1 967 169 984 187
1 926 191 944 215
1 937 181 954 200
1 932 163 947 183
1 879 168 896 191
1 889 164 905 183
1 840 171 858 194
1 834 203 855 226
1 796 189 814 212
1 804 212 826 238
1 818 240 844 272
1 855 270 880 303
1 773 245 801 273
1 723 256 746 278
1 753 208 770 229
1 710 226 733 248
