1 222 256 278 319
1 335 174 358 195
1 352 166 375 190
1 394 166 414 195
1 418 179 443 209
1 465 172 494 203
1 500 167 528 202
1 375 147 400 172
1 406 143 428 169
1 507 139 531 171
1 533 142 556 172
1 627 190 655 228
1 595 143 621 178
1 493 121 515 147
1 519 109 541 134
1 558 89 576 113
1 580 96 598 118
1 619 120 638 143
1 619 79 635 98
1 641 93 660 112
1 646 75 665 93
1 666 108 686 130
1 677 123 696 149
1 702 104 727 130
1 697 81 716 103
1 736 90 754 114
1 735 67 752 90
1 763 93 781 116
1 774 80 791 103
1 804 70 820 93
1 828 72 846 94
1 673 190 711 230
1 708 156 735 189
1 751 157 781 194
1 778 128 802 159
1 807 102 832 132
1 827 124 851 153
1 801 169 833 203
1 862 194 899 240
1 887 163 917 205
1 866 145 890 179
1 841 104 862 126
1 875 115 899 141
1 893 90 915 121
1 922 118 946 151
1 926 148 951 182
1 917 220 959 268
1 991 184 1017 227
1 1015 155 1042 193
1 1063 182 1091 227
1 1079 156 1106 194
1 1094 137 1116 172
1 1103 120 1124 148
1 1093 90 1111 112
1 1133 166 1157 205
1 971 134 993 160
1 948 112 969 139
1 953 86 971 109
1 976 90 994 115
1 1000 103 1021 133
1 1017 92 1037 121
1 1045 112 1068 142
1 1035 99 1052 117
