1 150 146 188 188
1 248 108 260 122
1 264 100 274 113
1 283 102 296 117
1 287 117 301 133
1 314 98 328 114
1 317 90 333 102
1 351 82 364 94
1 367 86 379 98
1 351 96 365 111
1 377 98 392 113
1 351 123 371 145
1 388 90 400 101
1 378 75 390 88
1 398 76 410 88
1 416 89 429 102
1 429 92 443 110
1 392 68 403 80
1 405 59 415 71
1 436 64 449 79
1 453 70 466 87
1 474 78 488 94
1 481 70 493 83
1 465 53 474 65
1 490 47 500 57
1 513 45 521 56
1 508 54 518 64
1 515 61 528 76
1 536 43 545 55
1 531 50 540 61
1 548 54 561 67
1 510 90 526 109
1 464 110 482 130
1 499 115 516 137
1 448 134 469 160
1 400 136 423 160
1 496 145 520 171
1 547 116 566 136
1 557 142 577 172
1 593 124 612 148
1 590 97 609 120
1 548 88 565 109
1 544 78 558 92
1 573 41 585 58
1 598 61 610 76
1 575 77 589 97
1 609 72 621 87
1 619 79 635 104
1 622 65 633 79
1 635 71 648 89
1 614 52 625 66
1 625 47 636 62
1 639 57 650 72
1 666 58 675 74
1 676 58 685 73
1 664 74 677 96
1 685 75 696 91
1 693 61 703 77
1 709 67 721 84
1 721 62 729 72
1 722 66 734 81
1 743 72 754 86
1 753 60 762 74
1 775 68 786 85
1 736 85 751 102
1 765 88 780 108
1 702 84 714 100
1 722 100 739 122
1 759 122 777 149
1 636 125 656 152
