1 75 189 121 244
1 247 109 264 128
1 283 105 295 123
1 295 103 307 121
1 294 95 308 113
1 315 102 329 125
1 333 116 351 135
1 321 87 335 106
1 340 98 356 118
1 347 77 359 91
1 356 97 370 118
1 366 109 381 130
1 378 114 396 139
1 381 93 396 107
1 383 72 396 89
1 400 75 415 90
1 401 88 417 110
1 404 99 422 120
1 433 61 444 74
1 443 67 455 81
1 456 85 469 102
1 482 77 497 98
1 472 77 485 90
1 470 70 481 82
1 471 62 481 72
1 455 56 466 68
1 501 55 513 69
1 517 67 528 80
1 519 75 532 92
1 506 83 522 103
1 544 75 556 91
1 555 72 570 94
1 551 52 563 64
1 571 62 584 78
1 585 68 598 84
1 596 67 610 82
1 614 51 625 67
1 625 47 635 61
1 620 61 633 75
1 650 49 661 66
1 536 102 555 126
1 575 105 596 135
1 589 94 605 118
1 612 80 627 96
1 612 103 628 128
1 623 118 644 144
1 646 146 672 186
1 705 166 731 197
1 726 129 746 158
1 699 114 716 138
1 672 114 691 135
1 660 84 674 101
1 671 80 684 101
1 673 66 686 84
1 685 62 697 79
1 702 56 714 71
1 713 64 725 81
1 735 63 745 76
1 751 61 762 77
1 728 79 740 94
1 730 91 746 114
1 690 88 704 109
1 779 69 791 85
1 758 78 771 94
1 751 94 765 114
1 751 116 772 143
1 773 99 791 122
1 800 80 814 98
1 834 71 845 87
1 871 86 881 102
1 830 85 842 104
1 832 100 847 125
1 820 107 836 130
1 862 96 876 114
1 867 103 881 123
1 853 118 870 148
1 836 148 857 184
