1 116 333 169 391
1 247 218 266 241
1 279 228 304 259
1 308 240 335 273
1 311 203 332 225
1 374 226 402 256
1 400 214 419 238
1 397 190 417 213
1 462 211 487 241
1 442 164 463 188
1 469 173 487 193
1 490 167 506 184
1 508 168 526 193
1 508 213 534 248
1 460 194 484 214
1 535 202 558 227
1 535 171 554 190
1 538 150 558 173
1 587 169 604 186
1 575 211 602 241
1 607 174 626 199
1 634 160 651 185
1 616 159 634 184
1 638 177 662 202
1 602 157 619 178
1 649 139 665 159
1 662 137 681 158
1 703 131 719 151
1 708 141 721 161
1 732 138 748 156
1 747 141 763 161
1 740 160 758 178
1 701 161 719 179
1 673 165 691 187
1 666 154 681 175
1 699 203 725 240
1 789 131 806 151
1 803 137 820 160
1 792 148 809 169
1 784 173 804 198
1 737 190 761 217
1 792 196 815 227
1 822 190 845 219
1 829 157 847 180
1 867 157 884 184
1 873 149 893 172
1 920 148 938 169
1 913 167 930 185
1 923 164 941 192
1 908 181 930 206
1 956 188 977 215
1 954 156 973 178
1 967 173 986 199
1 1000 164 1013 185
1 1011 168 1025 190
1 1015 174 1034 199
1 1041 160 1056 187
1 1062 193 1077 213
1 1111 182 1130 202
1 1106 198 1120 219
1 1097 219 1121 246
1 1050 207 1069 230
1 996 209 1013 236
1 1026 214 1047 244
1 1100 260 1124 292
1 1068 287 1097 327
1 1002 260 1027 297
1 954 227 978 263
1 965 211 984 240
1 985 301 1013 342
1 894 274 929 317
1 840 255 870 290
1 808 229 834 264
1 754 218 779 250
1 764 229 794 263
1 706 236 739 273
1 620 225 647 262
1 546 256 576 299
1 590 282 630 324
1 675 287 710 332
1 728 297 772 342
1 810 343 853 401
1 939 376 981 428
