1 64 302 127 369
1 235 149 261 172
1 246 163 272 188
1 307 132 329 156
1 326 134 348 163
1 343 117 368 145
1 379 124 403 157
1 394 116 416 146
1 415 110 437 134
1 416 146 443 178
1 455 140 477 166
1 446 106 466 130
1 497 107 517 130
1 506 165 534 196
1 546 139 572 165
1 512 90 533 114
1 529 93 547 107
1 556 94 582 119
1 574 83 593 106
1 579 114 603 136
1 608 94 629 117
1 620 88 639 110
1 643 125 667 153
1 668 115 688 140
1 664 85 687 111
1 653 75 672 95
1 687 73 705 94
1 707 67 725 89
1 689 94 712 119
1 716 86 734 104
1 727 98 744 119
1 737 107 758 135
1 721 162 751 196
1 676 189 706 219
1 710 209 744 248
1 750 70 767 93
1 776 79 795 100
1 781 100 800 123
1 795 71 812 91
1 826 77 843 96
1 818 85 836 110
1 851 84 869 105
1 831 118 853 144
1 783 138 815 171
1 863 146 891 171
1 883 128 907 152
1 889 108 910 131
1 923 101 945 126
1 933 111 954 138
1 779 224 818 257
1 855 227 897 266
1 895 158 925 186
1 969 107 992 128
1 983 126 1005 150
1 950 141 976 173
1 977 164 1000 198
1 950 239 986 285
1 1037 267 1074 314
1 1029 207 1058 243
1 1011 121 1032 145
1 1045 132 1066 153
1 1058 125 1077 148
1 1085 143 1103 168
1 1094 133 1111 153
1 1043 174 1067 204
1 1069 166 1089 191
1 1117 185 1137 215
1 1068 220 1097 252
1 1139 215 1164 249
1 1153 243 1184 289
1 1174 208 1197 236
1 1176 191 1195 218
1 1176 176 1196 200
1 1121 152 1139 177
1 1153 140 1169 165
1 1193 145 1209 168
