1 414 109 444 142
1 375 124 395 149
1 383 111 400 129
1 373 96 390 118
1 369 89 388 106
1 336 98 355 121
1 413 92 431 111
1 415 82 430 95
1 447 81 460 95
1 451 85 467 103
1 462 91 479 114
1 459 115 477 142
1 471 82 485 98
1 461 70 473 82
1 473 72 485 86
1 483 65 495 80
1 493 97 511 123
1 510 84 526 104
1 532 86 549 111
1 529 98 544 121
1 545 127 570 153
1 531 75 546 89
1 563 60 578 72
1 572 37 587 55
1 595 37 606 50
1 611 62 625 80
1 575 67 587 81
1 579 76 592 93
1 566 87 582 105
1 643 70 656 85
1 669 63 682 81
1 691 58 703 73
1 631 102 649 126
1 654 98 670 121
1 588 132 616 155
1 620 153 643 182
1 646 171 675 210
1 696 150 722 182
1 691 97 708 121
1 688 81 703 99
1 705 77 720 96
1 720 85 736 106
1 734 70 745 88
1 741 86 755 104
1 731 103 746 124
1 736 126 754 152
1 766 65 779 85
1 784 84 797 100
1 767 95 779 115
1 765 118 781 136
1 813 93 826 111
1 826 80 838 98
1 845 95 858 113
1 853 86 864 106
1 818 114 832 134
1 796 134 818 156
1 854 146 874 173
1 867 128 884 155
1 875 106 891 132
1 884 99 898 122
1 835 168 860 199
1 897 158 915 189
1 921 119 934 138
1 929 110 944 132
1 920 95 934 114
1 920 89 931 104
