1 52 228 100 282
1 271 159 289 179
1 312 142 329 163
1 319 148 338 171
1 355 156 376 181
1 348 139 371 166
1 340 123 354 144
1 366 124 384 142
1 375 133 392 152
1 396 130 417 148
1 410 110 430 131
1 443 122 460 143
1 445 147 478 182
1 495 134 516 161
1 475 122 491 148
1 437 96 453 110
1 448 106 465 122
1 484 92 498 112
1 490 104 512 129
1 514 110 532 132
1 508 91 524 112
1 480 82 494 99
1 497 85 511 103
1 518 72 533 88
1 559 89 574 115
1 557 77 572 94
1 563 71 577 90
1 574 102 595 128
1 569 93 586 113
1 589 75 602 92
1 596 63 610 80
1 610 78 626 99
1 603 94 622 115
1 626 63 639 77
1 629 53 643 68
1 668 54 680 64
1 666 65 678 79
1 681 68 693 87
1 694 52 703 68
1 662 78 678 97
1 636 114 657 137
1 600 131 623 155
1 592 158 616 187
1 515 164 542 193
1 613 196 646 230
1 641 141 674 176
1 691 123 716 146
1 688 99 709 120
1 698 143 723 176
1 703 199 739 239
1 743 157 774 190
1 738 122 761 149
1 752 100 771 124
1 734 77 752 104
1 713 66 734 84
1 725 61 741 77
1 775 73 789 93
1 791 65 806 89
1 801 62 812 78
1 818 70 835 90
1 831 67 843 86
1 849 76 861 93
1 792 92 807 114
1 782 106 802 132
1 802 121 828 152
1 808 95 827 115
1 849 97 870 116
1 867 90 882 111
1 862 76 876 92
1 890 79 908 97
1 916 68 933 85
1 920 91 936 109
1 901 93 916 109
1 894 102 913 123
1 923 124 941 154
1 948 105 966 127
1 959 71 971 92
1 958 94 970 108
1 988 88 999 103
1 982 97 997 117
1 985 109 1002 129
1 980 151 1002 180
1 866 131 893 162
1 831 156 858 188
