1 121 362 169 414
1 975 335 1009 387
1 831 338 879 390
1 643 283 669 314
1 696 301 735 346
1 750 308 795 363
1 1127 187 1145 209
1 1057 174 1072 197
1 1009 174 1028 192
1 972 165 987 187
1 936 161 955 182
1 893 159 910 180
1 809 144 822 161
1 719 141 731 159
1 664 152 677 175
1 679 152 695 170
1 753 145 768 163
1 761 153 782 173
1 841 170 864 192
1 877 170 893 194
1 765 175 785 196
1 696 162 713 180
1 938 192 957 221
1 972 204 998 231
1 1012 215 1030 244
1 1046 228 1061 256
1 1036 186 1053 204
1 1071 187 1092 214
1 1062 214 1084 245
1 1096 227 1116 248
1 1120 213 1138 235
1 1093 204 1117 229
1 1117 244 1139 270
1 828 201 853 228
1 799 199 817 224
1 753 204 786 230
1 693 187 713 207
1 724 170 741 189
1 606 180 620 197
1 550 165 574 183
1 647 169 669 192
1 646 194 668 217
1 464 175 481 199
1 505 180 523 197
1 546 192 568 210
1 558 213 586 232
1 602 221 626 242
1 412 203 438 221
1 331 213 354 231
1 262 231 284 252
1 303 232 326 261
1 385 234 417 273
1 477 223 503 256
1 520 227 543 255
1 641 244 667 273
1 562 273 593 307
1 706 255 738 290
1 710 225 738 249
1 769 252 802 280
1 820 251 844 276
1 858 269 892 303
1 933 285 969 328
1 965 242 1000 275
1 1022 258 1055 303
1 1098 309 1134 352
1 474 203 503 233
1 495 200 520 228
1 617 186 647 219
1 805 158 825 179
1 414 225 434 254
1 619 172 639 194
