1 147 168 198 216
1 297 114 307 132
1 586 46 597 60
1 597 49 609 60
1 622 49 634 65
1 556 50 569 63
1 520 56 534 73
1 483 51 496 64
1 660 56 675 70
1 447 60 458 75
1 388 77 402 92
1 324 98 340 117
1 298 102 314 117
1 385 98 401 114
1 416 101 434 117
1 458 73 475 91
1 480 69 497 90
1 502 69 521 86
1 539 62 558 81
1 521 86 543 109
1 567 66 584 86
1 604 68 620 87
1 632 66 649 83
1 451 101 475 127
1 717 69 733 87
1 740 63 756 79
1 486 132 517 159
1 547 135 568 166
1 554 141 595 181
1 579 122 604 150
1 600 94 620 117
1 624 96 650 126
1 669 87 688 108
1 677 108 698 134
1 639 126 665 153
1 652 152 681 192
1 688 193 717 221
1 752 101 775 123
1 754 81 770 98
1 727 91 747 111
1 797 71 812 90
1 833 72 847 91
1 866 80 880 100
1 892 80 904 102
1 809 94 825 118
1 752 134 781 170
1 780 108 806 136
1 832 91 851 113
1 883 108 906 132
1 825 125 843 153
1 772 173 802 206
1 876 137 899 171
1 865 180 889 206
1 836 202 870 240
1 434 72 447 88
1 497 60 514 72
1 521 73 537 92
1 578 51 597 74
1 557 80 572 101
1 718 59 732 74
1 770 84 791 112
1 793 151 821 182
1 827 106 847 134
1 882 92 903 119
1 397 85 411 99
1 619 64 634 81
1 554 112 576 140
