1 182 302 235 372
1 742 138 763 166
1 766 141 780 166
1 566 157 585 175
1 685 145 701 174
1 630 162 648 184
1 346 206 366 233
1 800 145 819 171
1 819 151 834 174
1 833 151 849 174
1 661 162 681 190
1 431 201 454 223
1 279 226 300 257
1 309 235 337 265
1 513 177 536 193
1 343 245 370 278
1 397 247 423 280
1 431 226 449 254
1 464 221 487 253
1 493 200 513 227
1 500 224 527 254
1 531 202 560 229
1 540 229 569 262
1 698 186 721 215
1 613 217 642 253
1 569 202 593 233
1 766 196 791 226
1 719 217 743 247
1 597 259 634 301
1 636 244 672 280
1 649 272 684 310
1 728 280 767 327
1 746 248 779 281
1 784 229 810 260
1 846 168 876 196
1 831 230 863 262
1 797 250 836 284
1 807 295 845 342
1 855 308 899 364
1 885 265 921 301
1 912 154 937 174
1 901 168 921 190
1 878 192 904 221
1 931 189 950 213
1 945 163 966 184
1 985 163 1001 186
1 991 199 1012 230
1 1018 172 1039 195
1 1034 181 1057 207
1 1063 172 1079 196
1 984 239 1006 269
1 958 277 987 324
1 966 359 1008 410
1 1022 301 1060 341
1 1041 250 1067 281
1 1021 213 1040 242
1 1087 190 1106 215
1 1040 213 1067 247
1 1058 205 1088 230
1 1149 190 1168 210
1 1097 310 1128 353
1 1103 268 1125 298
1 1122 245 1152 281
1 549 173 571 194
1 616 175 639 197
1 695 148 711 169
1 733 167 756 186
1 774 152 794 174
1 780 165 803 193
1 816 184 842 209
1 1061 228 1087 262
1 1132 195 1154 220
1 470 190 489 216
1 524 187 547 213
