1 796 61 806 80
1 832 71 847 91
1 866 69 883 90
1 928 75 947 99
1 987 78 1003 92
1 1012 76 1029 96
1 1036 79 1050 98
1 694 73 717 91
1 1089 85 1107 109
1 1140 90 1156 112
1 1122 100 1139 126
1 1153 99 1168 122
1 556 99 577 121
1 598 94 613 112
1 631 89 647 108
1 658 93 679 114
1 386 154 407 173
1 417 142 437 169
1 434 149 456 176
1 524 121 547 145
1 505 129 528 155
1 465 155 491 187
1 487 185 511 217
1 562 141 585 169
1 595 125 626 160
1 622 140 646 175
1 662 111 689 140
1 691 94 719 118
1 719 99 737 126
1 723 72 744 99
1 737 70 758 96
1 755 82 780 111
1 768 73 792 99
1 797 87 816 107
1 852 105 871 133
1 774 128 804 161
1 692 163 722 199
1 674 192 702 237
1 745 228 776 267
1 746 161 769 195
1 827 174 850 209
1 840 152 868 185
1 846 127 877 154
1 899 83 920 111
1 194 312 242 363
1 880 142 905 178
1 904 121 935 155
1 930 167 961 202
1 961 144 991 167
1 1001 115 1035 158
1 1030 144 1058 170
1 1053 124 1077 148
1 1060 156 1091 195
1 1082 148 1116 190
1 1160 137 1176 163
1 1144 157 1169 188
1 956 192 983 228
1 1001 157 1029 190
1 1022 193 1052 229
1 1147 200 1172 243
1 1010 256 1059 309
1 1098 288 1144 345
1 1112 122 1130 147
1 898 104 927 132
1 640 101 669 135
1 583 110 613 142
1 447 168 474 192
1 416 169 443 195
1 392 171 422 198
1 1031 107 1041 123
1 974 111 993 133
1 942 93 960 110
1 786 64 799 77
1 1066 105 1084 131
1 1080 93 1094 121
