1 336 171 358 195
1 353 131 366 155
1 362 127 383 150
1 422 170 445 194
1 404 126 417 147
1 417 118 434 142
1 437 138 456 158
1 467 117 487 139
1 486 97 508 117
1 479 154 501 174
1 503 126 526 148
1 533 89 557 110
1 557 95 572 118
1 569 89 593 108
1 542 113 564 136
1 590 100 611 121
1 610 92 631 113
1 574 148 601 174
1 613 147 641 177
1 582 180 608 210
1 667 170 694 209
1 673 113 690 139
1 683 119 708 148
1 715 94 732 114
1 795 79 814 97
1 757 94 775 116
1 762 107 780 136
1 730 133 752 160
1 754 145 783 178
1 795 131 815 160
1 803 112 825 137
1 825 82 840 102
1 852 94 872 115
1 780 199 817 243
1 804 168 829 200
1 836 138 862 175
1 854 124 878 154
1 890 86 908 106
1 915 116 935 139
1 878 115 899 137
1 895 149 921 182
1 870 179 895 209
1 942 149 975 181
1 790 103 813 127
1 632 62 649 78
1 616 131 646 157
