1 174 167 222 215
1 246 117 263 132
1 269 84 284 101
1 309 72 325 93
1 314 112 333 134
1 349 56 361 70
1 367 57 379 74
1 358 110 379 133
1 387 127 408 147
1 406 83 420 102
1 429 52 444 65
1 447 74 464 99
1 479 54 492 69
1 469 63 477 74
1 504 84 516 99
1 469 76 481 89
1 504 66 512 82
1 498 58 508 69
1 514 58 524 72
1 546 53 560 72
1 544 118 562 145
1 518 93 531 113
1 567 49 576 60
1 595 47 608 62
1 576 56 593 81
1 622 48 635 66
1 638 40 651 57
1 585 119 603 144
1 620 82 640 105
1 662 55 675 72
1 630 128 648 152
1 631 102 652 127
1 659 86 674 102
1 669 102 682 120
1 676 117 695 139
1 680 133 701 158
1 697 50 715 71
1 681 68 695 82
1 731 72 748 92
1 721 118 740 145
1 744 142 765 166
1 747 78 761 95
1 747 58 764 76
1 765 64 779 83
1 798 50 814 64
1 795 74 814 88
1 782 87 800 104
1 799 93 817 110
1 789 109 808 127
1 817 86 831 104
1 802 142 826 171
1 807 122 830 140
1 836 106 852 126
1 855 78 869 97
1 877 76 891 102
1 890 79 900 97
1 919 69 930 90
1 880 105 898 128
1 854 133 877 157
1 876 136 893 159
1 836 156 865 186
1 827 73 844 88
1 625 53 638 69
1 392 107 411 129
1 414 71 430 84
