1 12 288 48 325
1 284 228 303 254
1 310 251 332 279
1 351 204 369 232
1 407 232 432 266
1 435 196 453 222
1 481 179 498 203
1 475 226 491 249
1 494 226 515 253
1 522 170 541 194
1 539 231 559 256
1 547 182 562 199
1 559 164 572 181
1 572 163 585 176
1 573 207 590 228
1 607 216 634 243
1 622 181 639 200
1 658 167 682 188
1 553 275 587 311
1 648 239 673 275
1 657 270 690 306
1 678 194 701 215
1 682 155 697 174
1 698 152 719 176
1 736 150 750 169
1 743 138 762 162
1 712 179 727 202
1 726 217 751 249
1 741 245 768 278
1 720 291 753 335
1 772 301 812 341
1 785 247 814 285
1 769 209 792 232
1 779 171 795 189
1 775 153 801 178
1 805 142 820 160
1 819 153 835 174
1 809 165 828 184
1 825 182 843 207
1 852 151 868 174
1 859 174 881 196
1 834 237 860 266
1 848 326 890 369
1 885 272 916 304
1 898 168 922 193
1 882 197 907 217
1 938 190 958 210
1 922 156 940 182
1 948 163 962 182
1 960 172 979 194
1 999 177 1020 201
1 1024 172 1040 196
1 1064 169 1078 197
1 948 287 978 319
1 995 341 1038 406
1 1019 285 1056 321
1 985 243 1009 276
1 998 205 1016 227
1 1029 200 1051 227
1 1092 191 1111 213
1 1049 243 1070 279
1 1065 233 1088 268
1 1115 216 1131 242
1 1135 201 1153 225
1 1132 190 1151 209
1 1139 244 1164 279
1 1100 309 1137 354
1 1041 191 1060 209
1 1051 182 1065 202
1 493 201 518 231
1 728 170 746 194
1 766 146 781 164
