1 11 275 38 308
1 282 225 299 248
1 316 227 338 255
1 348 201 366 222
1 347 240 372 268
1 410 240 434 269
1 434 192 452 212
1 453 215 471 236
1 460 232 478 253
1 473 171 490 189
1 489 183 506 201
1 497 195 515 216
1 498 224 522 249
1 525 189 540 205
1 520 177 533 189
1 537 202 561 223
1 538 225 564 249
1 559 160 575 177
1 573 158 587 170
1 585 200 603 218
1 608 175 624 194
1 633 166 649 179
1 627 187 644 203
1 675 189 696 209
1 649 178 666 193
1 686 170 705 188
1 698 158 714 174
1 695 148 710 161
1 674 149 688 164
1 737 145 752 162
1 747 134 761 148
1 764 144 780 158
1 801 145 815 160
1 818 147 832 167
1 834 149 849 166
1 819 172 839 197
1 784 161 802 180
1 739 167 755 185
1 725 215 756 242
1 606 255 636 289
1 653 262 681 295
1 649 244 676 273
1 631 214 651 234
1 737 284 767 318
1 728 250 764 278
1 800 240 829 272
1 788 223 813 244
1 771 207 793 225
1 805 290 844 334
1 839 315 886 364
1 886 258 912 290
1 835 226 857 252
1 952 264 983 297
1 856 173 871 192
1 872 181 892 204
1 897 163 913 182
1 905 146 921 164
1 910 179 924 198
1 934 182 950 210
1 942 171 960 192
1 951 150 967 170
1 986 161 1001 181
1 993 199 1011 223
1 983 226 1002 248
1 982 249 1004 274
1 1006 331 1042 375
1 1020 302 1049 336
1 1094 302 1126 342
1 1041 277 1063 301
1 1113 260 1138 291
1 1047 228 1071 256
1 1061 208 1080 230
1 1125 237 1147 259
1 1120 207 1136 224
1 1137 200 1149 218
1 1140 188 1153 204
1 1083 189 1100 211
1 1040 187 1056 209
1 1048 174 1062 191
1 1064 164 1079 181
1 1025 170 1039 188
