1 201 166 234 204
1 277 123 295 145
1 381 103 399 124
1 363 128 383 148
1 396 90 412 106
1 422 85 440 104
1 483 70 495 84
1 399 107 417 128
1 383 144 402 166
1 429 116 450 139
1 435 86 455 112
1 502 71 515 96
1 513 68 526 83
1 502 93 519 115
1 538 72 548 85
1 527 94 545 116
1 480 106 502 128
1 457 137 478 166
1 494 128 515 152
1 576 97 595 118
1 571 74 583 92
1 581 77 591 94
1 603 62 614 78
1 612 66 626 85
1 628 59 639 74
1 646 62 659 77
1 601 92 617 116
1 633 89 653 111
1 675 56 690 74
1 696 60 709 76
1 716 62 727 75
1 730 58 743 72
1 578 149 607 177
1 604 129 629 151
1 654 106 669 131
1 642 134 674 165
1 690 115 707 137
1 696 151 718 179
1 727 100 746 118
1 744 76 764 100
1 782 66 797 81
1 770 83 789 97
1 762 100 779 120
1 781 99 801 112
1 773 115 793 139
1 755 138 779 167
1 793 151 819 179
1 802 76 813 89
1 829 73 841 87
1 811 85 832 101
1 815 112 833 134
1 847 75 859 92
1 855 83 876 99
1 862 92 880 110
1 864 106 881 129
1 865 129 888 149
1 853 164 885 191
1 893 141 912 172
1 884 105 898 120
1 881 79 896 97
1 910 91 924 110
1 924 85 935 97
1 942 87 952 107
1 932 115 943 135
1 934 204 958 233
1 948 161 969 189
1 953 129 972 155
1 963 122 981 149
1 979 118 997 142
1 981 100 993 112
1 836 79 850 95
1 747 101 769 123
1 676 73 687 85
1 743 123 772 147
