1 55 171 76 200
1 276 119 295 142
1 300 121 317 143
1 333 107 350 128
1 341 100 356 118
1 330 129 348 152
1 342 132 364 152
1 359 108 372 127
1 392 96 411 121
1 368 132 390 151
1 396 136 419 165
1 405 105 430 129
1 411 92 429 112
1 419 80 437 98
1 435 88 458 109
1 432 115 451 140
1 466 126 488 149
1 461 93 479 111
1 458 66 477 88
1 469 81 490 102
1 478 72 498 92
1 493 62 512 82
1 504 71 518 92
1 517 67 531 84
1 504 96 525 116
1 542 76 559 88
1 545 96 562 118
1 544 82 557 94
1 559 65 576 85
1 575 59 592 78
1 504 148 537 180
1 568 87 588 106
1 595 62 611 85
1 605 80 626 105
1 618 56 637 74
1 632 54 649 69
1 642 62 664 85
1 668 54 685 68
1 668 64 689 82
1 529 149 566 185
1 576 118 596 149
1 610 115 641 149
1 593 175 624 208
1 647 96 667 122
1 689 80 705 104
1 705 63 717 78
1 693 100 716 127
1 662 139 684 178
1 646 189 681 234
1 742 68 758 88
1 736 88 757 107
1 719 120 746 141
1 713 162 731 186
1 768 68 790 88
1 796 83 810 104
1 751 102 770 134
1 781 114 802 141
1 769 132 790 160
1 749 155 777 187
1 725 192 760 229
1 805 212 843 252
1 818 169 849 204
1 809 134 827 156
1 857 140 876 166
1 870 127 893 159
1 906 127 935 156
1 895 178 919 213
1 910 159 923 179
1 867 223 897 267
1 751 79 766 100
