1 1062 179 1072 198
1 1082 191 1099 216
1 1079 219 1095 247
1 1099 223 1115 250
1 1135 195 1147 214
1 1133 211 1146 232
1 1117 220 1131 245
1 1133 247 1153 286
1 1097 314 1130 356
1 1038 250 1064 289
1 1049 237 1072 272
1 1018 312 1050 352
1 981 325 1009 370
1 979 244 1002 277
1 994 230 1014 263
1 1012 210 1030 238
1 1019 175 1034 196
1 1034 190 1048 215
1 1046 187 1060 212
1 994 191 1010 218
1 983 202 1002 229
1 920 159 932 180
1 924 180 937 200
1 936 191 951 219
1 948 170 960 190
1 967 170 982 190
1 844 155 857 172
1 848 177 864 200
1 858 204 878 232
1 889 171 902 193
1 894 182 908 203
1 807 192 825 218
1 819 158 831 178
1 802 153 814 170
1 824 217 845 244
1 826 248 849 283
1 857 279 889 325
1 772 157 786 176
1 771 174 789 196
1 739 144 750 161
1 729 159 741 177
1 727 174 740 191
1 696 152 708 169
1 676 158 687 175
1 703 181 717 204
1 690 195 708 220
1 720 228 743 259
1 764 211 784 237
1 659 170 676 190
1 636 173 651 197
1 611 185 630 209
1 555 172 568 192
1 609 217 627 246
1 533 183 550 206
1 540 232 561 264
1 487 210 501 230
1 520 173 533 191
1 486 237 512 268
1 459 232 478 258
1 420 207 438 230
1 398 244 423 278
1 305 248 326 279
1 350 248 373 277
1 337 216 356 239
1 265 238 284 262
1 561 219 582 244
1 651 240 675 278
1 557 282 584 323
1 622 299 660 338
1 698 301 733 347
1 701 266 730 302
1 928 293 958 336
1 834 365 874 418
1 762 319 795 366
1 792 248 819 289
1 563 167 575 183
1 621 193 641 218
1 412 237 433 260
1 140 355 187 410
