1 8 316 48 359
1 272 230 289 254
1 301 244 324 278
1 334 212 355 236
1 347 245 368 274
1 394 238 419 272
1 419 223 439 245
1 423 197 441 216
1 458 224 476 251
1 487 230 511 256
1 550 270 584 310
1 534 229 561 257
1 645 273 677 304
1 707 294 739 335
1 784 297 813 342
1 839 313 879 368
1 981 333 1016 378
1 1091 310 1122 355
1 1014 319 1046 359
1 936 284 971 328
1 861 280 890 313
1 785 252 808 286
1 635 237 662 267
1 603 213 622 239
1 465 182 483 201
1 490 182 506 201
1 513 167 528 183
1 533 178 552 200
1 571 179 588 202
1 605 180 620 200
1 620 186 636 209
1 633 170 648 191
1 650 173 674 190
1 675 186 693 211
1 697 175 716 199
1 824 251 846 277
1 976 240 1002 273
1 1030 248 1059 280
1 1008 229 1026 255
1 1056 240 1078 269
1 1132 242 1154 270
1 827 206 850 233
1 713 230 741 256
1 760 204 787 233
1 794 181 816 204
1 726 173 739 190
1 874 194 894 216
1 846 170 864 192
1 884 167 905 191
1 939 193 956 218
1 984 206 1003 232
1 1027 191 1045 212
1 1059 209 1077 233
1 1092 223 1114 248
1 1078 190 1098 210
1 1056 174 1072 202
1 1127 210 1143 234
1 993 181 1009 205
1 959 164 977 188
1 944 168 958 186
1 919 158 936 177
1 845 150 860 171
1 736 139 747 159
1 671 155 684 178
1 689 151 705 168
1 768 152 782 170
1 798 149 813 166
1 816 156 830 174
1 1132 193 1148 215
1 701 268 740 303
1 1012 211 1033 232
1 1017 173 1033 193
1 1109 208 1126 237
1 922 180 938 198
1 723 149 737 169
1 753 147 766 166
1 776 164 791 184
1 485 207 501 227
1 515 213 538 237
1 555 214 580 242
1 558 166 573 184
1 774 236 798 268
