1 54 221 90 260
1 263 164 273 187
1 282 154 303 171
1 314 146 330 168
1 375 147 394 170
1 351 119 361 132
1 361 124 376 145
1 394 121 406 140
1 414 121 433 140
1 451 147 469 173
1 444 121 461 138
1 511 168 532 198
1 576 168 598 197
1 632 184 654 218
1 703 191 729 228
1 694 140 714 170
1 747 161 776 192
1 818 157 845 189
1 597 136 618 159
1 635 139 658 165
1 514 127 533 147
1 487 95 503 113
1 448 101 462 118
1 468 112 484 131
1 728 111 755 140
1 697 118 718 135
1 652 120 672 146
1 525 109 544 129
1 501 95 518 113
1 556 109 579 128
1 582 85 597 104
1 601 98 621 116
1 649 80 664 96
1 479 83 491 98
1 511 75 523 87
1 795 116 815 145
1 847 132 868 162
1 920 129 935 152
1 775 108 790 130
1 689 95 711 116
1 544 92 560 104
1 560 71 571 87
1 595 59 607 74
1 624 54 637 68
1 621 66 634 83
1 656 61 665 73
1 673 68 686 82
1 689 54 702 70
1 714 61 730 81
1 716 83 732 100
1 739 51 752 69
1 742 78 763 98
1 779 65 789 84
1 766 85 787 104
1 792 74 807 90
1 795 57 811 71
1 809 71 823 89
1 816 88 832 109
1 826 68 840 83
1 842 90 863 113
1 842 71 861 87
1 859 68 873 81
1 885 75 901 95
1 865 94 880 112
1 894 107 912 127
1 917 73 930 88
1 904 87 921 109
1 949 71 961 88
1 941 90 956 112
1 947 116 965 139
1 980 112 998 131
1 975 93 987 113
1 985 88 996 105
1 485 108 502 130
1 482 118 497 142
