1 997 86 1008 100
1 993 99 1006 117
1 989 109 1003 132
1 1033 109 1049 128
1 1026 119 1040 142
1 1024 131 1041 151
1 1014 144 1035 174
1 974 137 996 162
1 974 126 996 151
1 948 106 965 127
1 957 96 972 116
1 935 88 949 108
1 856 78 868 98
1 883 81 894 101
1 898 83 911 100
1 833 76 847 98
1 862 90 874 107
1 869 100 883 121
1 918 96 931 115
1 911 104 924 123
1 990 208 1016 246
1 915 130 937 156
1 875 119 897 147
1 901 146 927 178
1 865 162 892 196
1 832 114 848 142
1 842 144 865 172
1 802 137 827 167
1 797 100 816 122
1 801 85 819 108
1 777 108 797 133
1 825 199 855 238
1 754 180 788 218
1 752 148 774 177
1 775 66 790 86
1 752 67 765 83
1 742 75 756 94
1 719 105 737 129
1 705 93 720 115
1 714 88 731 107
1 701 73 712 88
1 713 72 724 86
1 693 68 703 80
1 683 80 698 98
1 632 80 647 98
1 655 94 667 113
1 663 92 680 116
1 621 94 637 114
1 603 82 616 100
1 604 76 618 94
1 590 93 606 113
1 612 110 628 133
1 573 104 591 126
1 562 91 577 108
1 529 88 544 106
1 530 82 542 99
1 549 76 560 91
1 540 106 558 127
1 650 130 671 160
1 710 138 730 166
1 694 144 718 173
1 470 93 480 109
1 486 92 499 113
1 455 97 471 115
1 455 110 472 129
1 485 117 503 139
1 506 119 525 142
1 482 141 503 169
1 448 137 470 162
1 411 105 427 124
1 434 122 453 146
1 410 135 430 161
1 401 123 420 144
1 384 129 405 154
1 381 116 399 134
1 385 103 398 122
1 364 129 380 150
1 323 124 340 147
1 318 142 332 165
1 103 214 144 261
