1 1129 127 1145 145
1 1234 142 1248 165
1 1182 132 1198 157
1 1163 147 1178 172
1 1219 186 1235 207
1 1218 201 1235 231
1 1176 210 1201 243
1 1196 250 1220 288
1 1159 185 1178 216
1 1112 151 1129 180
1 1100 125 1114 145
1 1090 126 1104 149
1 1053 116 1071 137
1 1081 173 1102 202
1 1100 224 1125 262
1 1057 212 1081 240
1 1077 266 1108 310
1 980 242 1013 292
1 1015 161 1038 191
1 995 132 1012 161
1 1026 125 1043 144
1 1013 103 1027 124
1 965 99 980 122
1 974 108 992 132
1 938 105 952 124
1 897 82 913 105
1 928 126 947 151
1 865 74 879 94
1 833 73 850 93
1 862 87 879 109
1 789 66 805 89
1 819 76 834 99
1 822 96 839 117
1 869 111 888 138
1 831 127 857 159
1 908 139 933 173
1 938 158 959 187
1 749 60 764 79
1 760 85 777 103
1 780 105 796 132
1 754 101 769 125
1 777 159 801 192
1 757 194 787 232
1 824 217 853 255
1 717 181 746 214
1 724 69 739 90
1 728 88 744 110
1 693 72 709 92
1 703 83 719 107
1 692 118 706 141
1 712 112 730 137
1 621 80 635 100
1 648 91 666 114
1 661 87 678 110
1 556 86 570 103
1 574 91 587 106
1 618 112 637 134
1 587 133 611 163
1 546 104 563 125
1 548 167 570 197
1 501 128 518 151
1 490 102 508 123
1 441 114 457 136
1 467 141 487 168
1 456 107 477 125
1 336 134 356 153
1 385 115 406 135
1 389 132 405 156
1 415 121 436 147
1 246 159 268 186
1 284 154 305 185
1 105 293 162 360
1 896 219 927 262
