1 967 114 981 137
1 916 116 931 141
1 956 143 974 173
1 949 172 973 206
1 925 215 958 259
1 896 140 914 170
1 866 163 888 200
1 843 204 871 244
1 847 131 863 157
1 824 120 841 144
1 802 158 825 189
1 789 117 808 141
1 822 70 833 83
1 824 79 838 100
1 758 71 770 87
1 785 75 797 94
1 782 87 795 109
1 772 96 791 120
1 735 94 752 119
1 732 116 751 142
1 746 146 769 179
1 778 185 808 230
1 701 127 721 159
1 708 156 734 191
1 693 90 708 111
1 684 50 693 62
1 718 52 727 65
1 717 59 728 74
1 738 52 748 67
1 660 55 671 71
1 674 67 686 83
1 664 115 679 134
1 648 63 660 79
1 638 54 646 69
1 614 55 623 68
1 602 58 612 74
1 627 61 638 77
1 644 73 658 91
1 608 89 621 111
1 614 78 626 94
1 629 128 652 161
1 627 167 654 201
1 594 119 612 147
1 562 150 587 187
1 567 60 580 76
1 531 61 542 75
1 545 63 555 76
1 527 73 540 90
1 545 78 561 96
1 564 74 577 89
1 574 82 588 101
1 580 94 593 115
1 508 68 520 82
1 481 74 496 89
1 504 74 520 90
1 499 87 513 109
1 528 95 545 118
1 506 114 524 139
1 508 148 531 181
1 437 72 449 88
1 445 83 457 102
1 463 84 476 105
1 422 98 437 121
1 439 120 459 144
1 364 96 376 110
1 389 98 404 118
1 373 118 387 138
1 386 126 400 146
1 394 126 415 152
1 344 116 361 140
1 285 122 301 144
1 165 181 206 222
