1 883 84 895 103
1 909 85 922 103
1 856 78 868 95
1 864 89 878 108
1 910 101 923 119
1 902 118 917 139
1 903 127 918 149
1 898 142 913 165
1 895 168 914 198
1 821 149 841 180
1 801 176 824 215
1 838 144 858 170
1 846 121 863 144
1 847 103 866 125
1 845 82 858 101
1 838 86 851 105
1 816 74 830 90
1 803 81 816 100
1 811 104 828 127
1 769 100 783 119
1 758 68 769 85
1 746 91 761 113
1 783 135 800 162
1 817 96 831 118
1 731 61 745 78
1 733 70 747 91
1 717 82 730 103
1 747 131 771 159
1 786 99 802 121
1 724 165 750 205
1 647 165 677 200
1 695 118 712 143
1 701 67 715 88
1 685 79 701 98
1 599 144 624 178
1 611 122 629 146
1 619 96 636 120
1 650 101 668 129
1 643 127 663 157
1 635 85 653 108
1 632 68 645 83
1 666 60 678 76
1 685 61 694 75
1 630 50 639 67
1 643 55 652 68
1 655 59 664 73
1 592 49 604 65
1 608 60 619 73
1 605 74 618 93
1 571 53 581 67
1 577 68 592 86
1 567 80 580 100
1 568 121 590 152
1 558 138 584 167
1 505 130 528 162
1 535 89 548 108
1 542 77 556 99
1 531 60 544 74
1 518 74 530 93
1 516 66 528 84
1 487 70 500 88
1 502 62 512 77
1 509 62 519 78
1 476 70 487 87
1 473 105 491 129
1 506 78 517 98
1 425 77 437 92
1 447 84 462 104
1 457 93 473 114
1 428 100 448 127
1 394 99 410 120
1 319 91 331 109
1 334 101 349 120
1 300 113 316 135
1 86 214 130 270
1 673 106 690 127
