1 911 115 926 137
1 871 115 885 138
1 908 147 925 175
1 895 173 919 205
1 887 209 916 248
1 855 134 874 160
1 817 157 839 189
1 809 128 826 157
1 792 110 809 136
1 762 121 781 149
1 764 154 783 183
1 793 201 822 242
1 739 184 768 224
1 684 158 710 192
1 711 157 733 182
1 669 125 690 153
1 716 118 734 143
1 738 85 753 108
1 745 92 759 114
1 738 66 750 85
1 773 69 784 86
1 789 85 801 105
1 698 81 712 104
1 703 90 718 112
1 663 89 679 112
1 712 59 723 75
1 677 62 688 78
1 685 53 695 67
1 657 71 669 88
1 655 51 665 66
1 619 57 630 71
1 609 51 620 66
1 608 127 628 156
1 580 117 597 143
1 615 116 633 139
1 586 164 610 197
1 543 135 565 165
1 478 144 500 173
1 575 61 583 74
1 589 67 600 83
1 608 74 620 93
1 546 63 557 78
1 542 74 552 91
1 552 78 562 95
1 543 82 556 100
1 577 87 589 107
1 514 66 526 81
1 514 90 527 110
1 505 71 515 87
1 483 80 497 98
1 483 113 501 138
1 468 91 483 112
1 410 76 422 91
1 436 86 451 107
1 423 115 444 140
1 440 116 460 140
1 406 90 421 112
1 408 97 424 118
1 402 106 419 130
1 488 67 501 84
1 344 93 356 110
1 338 104 351 126
1 365 101 380 124
1 371 119 387 143
1 361 130 376 153
1 349 116 366 138
1 279 115 294 134
1 294 125 311 145
1 176 181 216 225
