1 167 181 212 234
1 310 96 322 109
1 313 116 329 138
1 337 113 354 137
1 356 90 374 108
1 372 96 390 114
1 388 80 402 93
1 413 86 426 100
1 423 73 435 92
1 422 115 442 133
1 452 89 467 107
1 452 65 464 79
1 469 63 482 79
1 482 70 495 85
1 477 109 494 132
1 505 92 521 108
1 521 79 538 97
1 525 92 541 112
1 544 89 560 102
1 545 59 559 75
1 554 50 567 63
1 585 53 598 68
1 602 59 616 79
1 624 59 634 77
1 635 45 645 59
1 657 50 668 64
1 676 48 686 62
1 687 21 699 36
1 550 111 572 134
1 560 132 584 162
1 593 110 610 128
1 585 130 604 146
1 625 175 648 209
1 638 138 660 166
1 636 81 651 101
1 674 77 687 94
1 696 70 709 85
1 708 82 722 103
1 726 60 740 77
1 760 64 770 80
1 771 71 785 86
1 718 102 732 120
1 677 116 698 137
1 732 117 751 144
1 763 108 780 126
1 707 151 733 179
1 721 186 751 224
1 743 158 768 191
1 782 192 806 230
1 799 156 825 186
1 824 211 862 249
1 862 159 883 194
1 771 133 793 155
1 826 137 843 163
1 843 119 858 141
1 877 141 898 164
1 892 107 906 132
1 483 37 493 51
1 498 66 508 80
