1 12 272 44 315
1 286 226 302 250
1 318 229 342 266
1 348 205 368 228
1 345 241 368 273
1 412 241 434 273
1 434 194 453 216
1 450 217 471 242
1 460 232 480 262
1 469 173 487 193
1 495 184 510 206
1 492 228 514 254
1 499 201 517 226
1 525 186 542 212
1 540 204 559 235
1 547 227 572 261
1 571 209 593 234
1 560 163 574 187
1 574 157 589 177
1 615 173 634 200
1 631 206 653 235
1 630 165 650 191
1 670 191 691 218
1 674 153 692 168
1 699 147 719 165
1 689 176 709 197
1 728 168 744 188
1 744 136 760 158
1 765 147 780 162
1 781 153 793 168
1 778 171 799 193
1 797 146 815 165
1 819 150 837 173
1 839 154 849 168
1 604 260 636 300
1 652 269 686 304
1 718 215 741 246
1 734 246 762 281
1 771 196 790 225
1 827 177 845 201
1 853 168 872 191
1 737 276 767 325
1 787 223 809 251
1 805 257 833 290
1 842 233 866 264
1 800 292 840 337
1 862 331 905 385
1 889 262 923 300
1 961 272 987 309
1 1015 291 1056 326
1 1000 348 1042 396
1 978 241 1005 278
1 1055 244 1090 279
1 1099 310 1125 356
1 1112 272 1137 304
1 1124 235 1147 268
1 990 193 1009 225
1 1028 204 1047 232
1 1059 218 1081 241
1 928 188 949 214
1 878 195 898 221
1 907 147 923 171
1 954 153 973 176
1 985 163 1003 187
1 1034 173 1048 191
1 1068 175 1080 194
1 1088 195 1107 214
1 1140 189 1155 205
1 1123 216 1144 240
1 911 180 926 202
1 648 173 669 193
