1 201 182 249 238
1 260 154 284 173
1 306 143 322 162
1 329 138 354 163
1 348 157 378 187
1 343 117 355 131
1 363 117 377 135
1 370 91 388 107
1 401 109 419 131
1 425 91 441 108
1 436 147 460 172
1 435 121 454 142
1 473 93 490 107
1 487 111 499 127
1 492 81 506 96
1 489 135 517 159
1 543 79 560 97
1 549 115 570 136
1 597 96 614 113
1 633 24 644 37
1 666 36 682 54
1 705 60 721 80
1 723 46 738 65
1 508 154 543 198
1 554 176 579 211
1 597 126 620 152
1 638 109 662 135
1 634 140 659 168
1 638 174 667 213
1 702 198 734 226
1 695 115 716 138
1 718 112 738 134
1 697 87 719 107
1 748 68 761 88
1 756 83 774 103
1 784 74 800 95
1 783 50 802 72
1 785 105 804 127
1 803 125 822 153
1 784 148 808 183
1 824 160 844 196
1 810 64 824 82
1 829 60 842 77
1 836 97 854 117
1 844 71 856 88
1 858 67 870 83
1 875 67 893 87
1 891 104 911 126
1 912 74 930 97
1 947 68 960 89
1 981 48 993 71
1 932 101 949 121
1 946 85 959 110
1 914 123 931 149
1 981 101 1000 126
1 962 146 983 175
1 939 81 949 97
1 731 95 756 118
1 626 83 643 103
1 565 87 579 105
1 464 102 481 123
1 472 124 491 142
1 508 110 526 130
