1 2 662 88 778
1 135 664 266 799
1 51 601 111 671
1 4 612 61 669
1 110 600 161 659
1 192 610 252 664
1 236 608 281 664
1 281 642 383 745
1 272 597 309 634
1 384 630 452 704
1 378 604 440 655
1 476 419 592 544
1 463 701 758 1015
1 906 596 1111 821
1 1078 610 1173 752
1 859 356 1013 519
1 862 515 895 558
1 850 490 891 532
1 794 500 832 538
1 794 533 831 570
1 795 582 859 664
1 689 578 766 688
1 683 533 717 573
1 1165 563 1222 625
1 1089 571 1139 622
1 1055 562 1091 616
1 1103 504 1146 551
1 1143 486 1178 529
1 1184 516 1221 567
1 1194 486 1229 536
1 1235 463 1269 510
1 1272 526 1309 581
1 1218 508 1258 570
1 1273 490 1306 533
1 1315 473 1354 527
1 1309 541 1370 600
1 1309 586 1373 677
1 1192 684 1432 1014
1 1222 632 1322 751
1 1332 626 1522 858
1 1374 541 1477 670
1 1465 600 1524 678
1 1515 544 1607 670
1 1554 599 1699 786
1 1655 562 1757 711
1 1573 508 1637 593
1 1424 496 1457 545
1 1406 486 1437 536
1 1454 482 1496 532
1 1509 463 1546 518
1 1750 714 2000 1053
1 1788 571 2000 818
1 1746 548 1794 622
1 1700 510 1747 562
1 1752 496 1799 558
1 1770 470 1809 519
1 1851 471 1909 534
1 1881 456 1922 501
1 1962 463 2000 514
