1 69 449 114 489
1 69 429 98 459
1 172 404 205 445
1 198 428 234 464
1 267 407 289 434
1 290 390 311 421
1 299 414 332 444
1 313 439 352 486
1 336 391 359 415
1 375 396 401 424
1 390 381 413 407
1 438 382 460 410
1 470 387 509 433
1 422 462 475 520
1 419 424 456 468
1 505 372 524 395
1 504 399 528 434
1 552 387 579 422
1 605 381 630 405
1 596 368 618 389
1 592 424 631 463
1 649 409 687 443
1 698 389 721 419
1 713 369 735 399
1 731 375 755 408
1 722 475 788 565
1 812 437 869 501
1 826 392 865 439
1 835 362 871 401
1 882 389 921 425
1 908 372 938 406
