1 52 242 121 301
1 124 191 160 233
1 195 198 230 247
1 253 191 282 222
1 302 237 347 291
1 314 205 352 243
1 368 201 389 228
1 388 238 452 301
1 440 208 471 243
1 475 198 511 225
1 486 226 534 278
1 457 187 479 208
1 416 196 445 220
1 411 179 431 200
1 382 212 421 251
1 366 190 392 214
1 279 167 296 184
1 256 166 275 183
1 262 139 274 152
1 229 163 245 177
1 226 172 239 189
1 215 160 227 175
1 201 169 218 186
1 175 171 192 186
1 183 161 198 174
1 165 155 181 174
1 149 158 166 175
1 133 161 145 176
1 137 151 148 164
1 96 149 109 164
1 103 145 114 156
1 75 127 83 135
1 80 145 92 158
1 88 165 107 184
1 66 160 83 178
1 64 145 74 158
1 55 143 66 156
1 43 154 59 172
1 14 158 34 182
1 30 144 42 158
1 30 119 39 130
1 43 115 51 130
1 5 138 22 157
1 1 121 10 132
