1 133 1166 312 1340
1 60 1165 180 1313
1 345 1111 494 1287
1 566 1054 716 1223
1 633 1226 818 1416
1 852 1182 994 1351
1 951 1238 1093 1413
1 1014 1083 1147 1235
1 678 542 797 671
1 803 584 928 727
1 953 595 1064 733
1 1138 604 1266 762
1 1268 570 1350 679
1 1233 1242 1386 1413
1 1211 1142 1333 1279
1 1244 1071 1380 1202
1 1347 576 1431 692
1 1447 1155 1590 1298
1 1553 1110 1660 1237
1 1594 1033 1713 1167
1 1627 1220 1779 1411
1 1737 1185 1875 1363
1 2017 1242 2173 1414
1 2017 1150 2142 1271
1 2030 1076 2131 1188
1 2205 1128 2317 1273
1 2290 1179 2431 1358
1 2092 565 2216 727
1 2386 554 2498 679
1 1859 554 1969 652
1 1794 599 1861 675
1 1708 553 1798 636
1 1522 565 1638 688
1 1465 556 1562 644
1 1597 552 1680 640
1 2632 477 2973 858
1 3202 1121 3321 1305
1 3362 1238 3527 1445
