1 395 171 462 251
1 444 121 460 136
1 317 95 328 107
1 349 150 390 195
1 324 139 352 174
1 295 133 323 157
1 297 113 316 133
1 159 138 201 183
1 163 126 193 148
1 193 120 216 149
1 207 110 226 134
1 224 112 238 132
1 145 117 159 133
1 132 121 149 140
1 97 129 119 154
1 72 165 142 240
1 17 154 46 186
1 67 138 92 161
1 86 122 101 136
1 86 110 100 122
1 107 116 119 129
1 72 111 85 122
1 63 123 78 136
1 51 117 62 128
1 38 132 53 151
1 5 138 25 157
1 11 126 22 140
1 5 124 15 136
1 18 115 25 123
1 31 120 42 134
1 42 116 49 126
1 61 97 70 106
1 117 104 125 113
1 137 104 146 113
1 153 102 159 109
1 161 113 175 128
1 173 112 186 127
1 163 103 171 112
1 170 101 176 107
1 174 104 182 109
1 191 104 196 111
1 184 94 191 99
