1 21 229 35 249
1 8 230 24 247
1 45 237 64 259
1 60 228 80 243
1 88 235 104 254
1 128 184 169 232
1 184 231 200 249
1 202 230 219 250
1 225 246 246 267
1 221 210 234 222
1 261 239 281 266
1 287 239 305 258
1 289 252 326 297
1 312 250 333 274
1 376 252 403 288
1 343 240 359 259
1 335 195 346 210
1 327 189 338 202
1 408 238 420 252
1 449 212 463 228
1 473 246 493 267
1 437 250 463 280
1 430 239 445 255
1 422 235 430 249
1 498 251 530 280
1 495 237 506 249
1 516 239 527 251
1 521 235 531 246
1 539 238 555 258
