1 1 301 51 395
1 7 250 61 311
1 59 334 132 433
1 125 356 211 459
1 197 350 260 439
1 251 404 335 505
1 257 349 319 424
1 232 298 285 357
1 154 271 227 352
1 298 315 366 385
1 327 274 411 366
1 379 305 423 369
1 406 305 469 376
1 416 264 460 322
1 464 242 511 286
1 385 362 469 462
1 468 340 548 435
1 521 348 575 426
1 523 312 577 372
1 523 263 573 323
1 573 303 618 356
1 591 254 633 310
1 641 281 688 340
1 613 333 669 409
1 561 426 640 518
1 594 405 666 492
1 667 379 716 462
1 735 408 794 490
1 698 461 789 554
1 819 449 895 547
1 840 382 911 457
1 938 374 1016 455
1 951 335 1016 412
1 993 304 1055 379
1 855 279 910 346
1 819 314 870 383
1 766 296 813 361
1 721 293 781 372
1 742 239 782 299
1 776 240 823 297
1 682 216 732 279
