1 28 135 64 171
1 76 197 130 241
1 13 101 40 132
1 1 59 20 79
1 28 73 49 96
1 47 54 67 73
1 28 45 47 61
1 59 42 75 57
1 63 90 88 118
1 109 110 142 142
1 123 78 145 102
1 82 63 100 83
1 88 47 103 62
1 98 38 112 52
1 127 57 143 75
1 124 40 138 56
1 133 33 146 47
1 156 40 172 53
1 163 49 180 66
1 163 64 185 88
1 177 92 202 119
1 172 154 210 199
1 244 132 275 167
1 292 107 320 142
1 456 95 540 211
1 343 93 364 119
1 381 78 403 102
1 427 56 446 76
1 448 53 465 70
1 391 38 407 55
1 366 50 383 67
1 298 63 315 83
1 275 72 292 92
1 225 85 245 108
1 210 61 226 82
1 243 56 255 75
1 195 43 211 58
1 172 26 182 39
1 212 28 226 43
1 250 36 263 51
1 239 24 252 36
1 298 39 313 57
1 325 37 338 52
1 278 23 292 36
