1 94 926 203 1037
1 150 852 245 922
1 189 799 269 876
1 264 813 363 926
1 296 731 335 782
1 258 708 290 750
1 209 734 251 774
1 210 711 240 741
1 141 708 176 743
1 103 728 140 764
1 41 750 77 787
1 67 737 102 775
1 145 750 189 783
1 360 726 389 759
1 312 713 346 747
1 344 709 369 744
1 417 729 450 768
1 425 713 455 740
1 473 696 503 731
1 453 675 479 703
1 509 691 538 714
1 507 710 537 739
1 458 743 485 775
1 478 758 522 798
1 536 734 576 781
1 396 812 458 870
1 486 836 564 919
1 473 909 570 1017
1 534 804 605 877
1 598 759 647 797
1 627 736 661 771
1 708 745 752 790
1 703 715 729 745
1 726 708 751 734
1 887 631 913 656
1 694 829 777 911
1 774 841 854 943
1 783 964 893 1038
1 870 881 1025 1043
1 1079 961 1186 1046
1 1040 838 1124 925
1 961 834 1031 910
1 902 807 966 869
1 801 733 852 787
1 853 755 895 798
1 880 728 915 765
1 983 758 1033 798
1 1030 743 1061 776
1 1047 755 1080 785
1 1058 728 1082 757
1 1087 748 1117 782
1 1119 764 1158 801
1 1132 739 1167 776
1 1160 700 1189 741
1 1177 717 1205 761
1 1224 712 1247 746
1 1255 723 1301 772
1 1241 818 1306 876
1 1111 810 1167 880
1 1191 860 1250 914
1 1297 885 1390 967
1 1304 731 1351 783
1 1361 754 1393 801
1 1379 734 1421 783
1 1406 759 1437 809
