1 61 296 127 358
1 185 214 227 259
1 201 183 230 211
1 208 162 233 186
1 154 174 184 201
1 137 188 170 220
1 104 161 146 204
1 42 186 88 231
1 30 164 71 195
1 142 158 165 179
1 152 142 173 164
1 198 140 215 163
1 249 150 271 172
1 239 146 254 166
1 353 152 373 171
1 373 152 394 177
1 382 166 410 193
1 383 141 402 163
1 404 149 426 174
1 425 157 451 182
1 430 141 450 162
1 443 148 465 173
1 415 184 454 226
1 452 222 492 266
1 466 177 505 212
1 470 146 506 182
1 520 173 558 210
1 556 208 600 254
1 545 296 599 364
1 302 72 326 97
