1 134 294 204 365
1 68 273 125 333
1 57 202 102 252
1 181 212 226 258
1 215 219 266 269
1 301 195 341 250
1 312 249 374 315
1 278 337 377 452
1 409 272 467 344
1 387 213 430 268
1 457 202 496 245
1 497 208 537 252
1 478 261 533 323
1 499 314 604 423
1 464 413 581 549
1 723 365 839 474
1 803 297 868 374
1 846 297 902 375
1 987 236 1022 298
1 905 229 938 275
1 862 246 904 299
1 808 202 844 246
1 748 256 798 309
1 758 222 806 271
1 705 206 748 262
1 631 207 665 249
1 595 240 633 291
1 556 259 609 320
1 552 203 588 240
