1 156 307 239 400
1 83 282 147 346
1 56 252 104 296
1 62 209 105 255
1 9 217 54 256
1 146 208 177 243
1 179 211 207 245
1 199 220 233 260
1 218 203 245 226
1 246 207 296 258
1 274 207 310 240
1 289 250 343 308
1 343 254 400 318
1 368 236 402 274
1 337 222 368 255
1 348 207 376 235
1 330 190 353 215
1 322 181 340 209
1 279 184 302 206
1 368 183 392 209
1 409 183 437 211
1 421 203 449 235
1 428 225 462 268
1 469 235 512 294
1 499 222 533 262
1 479 203 507 236
1 516 180 541 209
1 536 189 563 220
1 562 205 600 242
1 583 180 609 212
1 607 188 631 220
1 641 177 668 210
1 598 414 719 535
1 683 312 758 411
1 753 264 822 338
1 736 231 785 280
1 759 209 797 252
1 792 198 822 235
1 806 184 838 217
1 913 258 950 332
1 896 249 939 305
1 900 211 939 257
1 919 197 949 234
1 910 182 942 217
