1 190 214 244 264
1 206 192 237 227
1 235 184 260 217
1 144 196 182 237
1 155 186 186 221
1 130 180 157 203
1 80 195 127 234
1 101 171 131 198
1 58 173 85 200
1 31 182 64 215
1 33 157 58 182
1 8 159 33 185
1 1 174 15 202
1 81 156 104 178
1 63 159 87 182
1 163 167 190 197
1 179 172 199 195
1 198 173 218 192
1 218 175 239 194
1 262 169 279 192
1 287 184 314 213
1 302 200 333 238
1 318 180 339 212
1 344 212 388 264
1 367 188 395 225
1 395 209 431 254
1 444 212 481 250
1 438 191 467 227
1 469 192 490 215
1 457 176 477 199
1 400 184 420 209
1 352 186 376 211
1 349 179 365 195
1 340 173 355 191
1 531 218 565 256
1 531 190 558 218
1 585 198 604 224
1 612 210 638 239
1 646 203 671 235
1 653 165 671 190
1 835 116 900 177
