1 1 281 23 321
1 186 334 252 413
1 176 293 208 329
1 162 272 183 298
1 147 253 171 283
1 200 256 222 285
1 217 242 240 274
1 233 263 258 290
1 240 283 271 319
1 272 302 306 344
1 350 327 410 396
1 334 301 364 342
1 307 276 334 305
1 318 263 338 284
1 344 259 361 281
1 377 264 406 295
1 391 248 413 275
1 425 234 447 261
1 424 269 446 298
1 444 272 476 312
1 483 267 508 298
1 465 327 528 400
1 508 252 529 277
1 532 269 564 311
1 549 250 571 273
1 579 255 601 281
1 583 286 617 326
1 603 265 628 299
1 635 258 658 282
1 651 268 678 299
1 654 285 690 326
1 637 322 680 373
1 702 321 746 372
1 756 274 787 311
1 777 313 800 369
