1 24 180 67 228
1 61 158 101 193
1 86 148 113 178
1 119 132 144 160
1 58 133 81 159
1 37 133 62 158
1 5 127 31 149
1 230 180 263 213
1 249 206 305 258
1 287 221 357 299
1 315 198 358 243
1 307 171 341 206
1 298 159 320 188
1 217 163 246 193
1 212 140 232 164
1 230 141 250 165
1 246 156 269 184
1 275 153 297 179
1 234 112 254 139
1 318 149 337 169
1 332 156 349 178
1 353 164 380 198
1 357 152 377 177
1 375 159 394 183
1 387 179 416 216
1 407 203 458 258
1 455 240 512 307
1 382 321 494 419
1 606 251 681 331
1 560 213 609 267
1 539 181 573 214
1 544 161 570 192
1 504 174 531 203
1 495 210 530 250
1 475 189 503 221
1 436 181 462 209
1 412 173 437 197
1 420 150 447 172
1 448 160 470 183
1 471 154 491 183
1 492 160 511 181
1 590 173 618 202
1 636 179 657 208
1 652 196 680 222
