1 22 181 73 245
1 11 146 53 190
1 37 140 70 181
1 30 103 61 139
1 24 98 43 113
1 56 96 85 128
1 86 97 107 124
1 112 115 137 144
1 114 105 135 124
1 113 94 131 111
1 90 149 127 193
1 113 139 144 177
1 170 177 227 236
1 176 151 214 183
1 171 131 199 160
1 176 117 204 147
1 162 106 187 135
1 146 97 170 126
1 185 85 208 113
1 223 81 245 107
1 217 103 240 126
1 220 121 245 156
1 236 131 267 166
1 262 156 299 197
1 282 181 327 226
1 272 96 299 124
1 303 113 327 144
1 331 96 351 121
1 349 112 369 138
1 351 130 378 163
1 374 104 395 130
1 372 90 388 108
1 408 100 428 121
1 412 110 444 136
1 411 124 439 153
1 406 146 440 187
1 459 145 488 188
1 476 131 506 171
1 451 103 478 137
1 512 176 558 230
1 527 129 555 168
1 520 121 544 153
