1 275 144 300 175
1 268 123 287 144
1 275 109 290 126
1 279 98 293 115
1 285 87 295 101
1 284 77 293 85
1 289 72 298 80
1 365 167 400 218
1 345 146 371 176
1 330 125 349 150
1 327 112 346 131
1 314 96 328 114
1 305 90 319 103
1 328 84 340 96
1 338 89 351 107
1 352 98 368 117
1 364 106 381 127
1 379 124 397 151
1 328 75 338 85
1 308 83 317 92
1 36 156 74 197
1 1 152 25 184
1 26 131 47 154
1 35 123 53 139
1 64 131 90 161
1 104 138 132 167
1 152 120 172 145
1 172 108 187 124
1 195 100 207 115
1 207 93 217 106
1 213 89 222 100
1 221 82 229 93
1 232 80 239 89
1 237 78 244 87
1 218 72 225 79
1 214 79 220 89
1 205 82 214 93
1 194 87 203 99
1 183 92 194 103
1 167 98 179 109
1 145 110 158 125
1 110 120 130 137
1 83 116 98 136
1 88 104 103 119
1 108 100 122 116
1 118 107 132 122
1 139 97 150 110
1 134 89 145 102
1 154 89 166 103
1 164 84 174 95
1 176 83 186 96
1 183 76 192 84
1 189 81 198 90
1 142 76 148 85
1 129 76 138 86
1 123 73 131 82
1 116 76 124 82
1 112 80 121 86
1 117 85 124 94
1 104 84 111 94
1 97 85 106 98
1 83 83 92 90
1 80 87 91 97
1 76 92 85 102
1 65 87 75 98
1 54 88 64 100
1 49 99 61 115
1 35 89 47 100
1 19 95 32 108
1 11 104 27 119
1 1 97 13 114
