1 60 214 97 252
1 73 183 111 223
1 48 180 77 213
1 49 167 76 191
1 112 140 130 161
1 126 132 149 156
1 160 147 189 176
1 176 188 204 227
1 184 170 214 198
1 171 170 194 196
1 211 191 256 237
1 226 133 248 152
1 252 125 272 141
1 233 119 251 136
1 239 109 254 124
1 281 120 300 139
1 283 140 309 174
1 305 126 327 147
1 321 170 347 210
1 338 1 392 56
1 437 144 464 181
1 482 149 499 183
1 91 55 106 76
1 125 82 138 96
1 170 83 185 97
1 153 123 168 140
1 159 110 174 125
1 179 112 194 126
1 170 129 186 147
1 130 111 145 129
1 104 134 121 152
1 82 132 100 149
1 78 115 88 131
1 67 110 79 125
1 42 164 66 182
1 32 147 56 167
1 32 137 50 153
1 37 119 50 131
1 28 118 41 130
1 20 115 32 128
