1 2 307 51 387
1 33 296 74 348
1 54 274 84 311
1 93 263 132 303
1 140 278 186 335
1 187 263 218 296
1 246 322 324 415
1 241 260 281 302
1 265 207 287 230
1 1 262 25 298
1 315 258 350 293
1 361 248 385 283
1 368 268 412 315
1 394 287 446 343
1 448 253 480 287
1 428 250 452 275
1 407 248 426 273
1 487 253 513 298
1 531 189 633 307
1 661 198 687 225
1 641 264 666 300
1 647 308 709 370
1 701 284 747 322
1 696 254 721 283
1 761 283 794 333
1 772 253 798 287
1 836 247 865 283
1 863 273 902 323
1 841 288 871 323
1 819 348 907 467
1 950 272 992 326
1 942 261 972 302
1 915 263 946 302
1 875 335 923 403
