1 1 224 44 266
1 41 228 74 258
1 43 201 68 222
1 18 196 41 216
1 1 188 14 208
1 28 185 45 200
1 24 177 40 191
1 43 167 56 180
1 64 182 83 206
1 66 197 92 223
1 76 230 123 269
1 137 220 180 259
1 119 207 149 237
1 104 212 124 235
1 91 194 112 220
1 123 187 143 205
1 117 181 133 199
1 79 161 93 177
1 105 162 121 180
1 127 164 139 179
1 146 181 163 198
1 136 175 151 189
1 154 165 169 184
1 151 161 162 175
1 214 129 237 157
1 193 129 217 151
1 166 182 192 205
1 171 172 191 191
1 189 195 215 223
1 191 219 219 242
1 226 212 264 249
1 224 194 253 224
1 251 155 267 173
1 238 144 255 164
1 241 172 260 198
1 275 208 311 251
1 318 201 350 236
1 323 237 367 270
1 308 179 333 212
1 277 162 297 189
1 275 154 289 171
1 265 146 278 164
1 277 115 289 129
1 288 150 305 173
1 303 156 316 177
1 318 154 335 175
1 337 174 366 208
1 365 170 389 205
1 368 198 403 235
1 407 207 449 254
1 398 157 416 179
1 432 162 450 190
1 367 140 388 163
1 353 145 371 165
1 342 135 357 155
1 384 138 395 155
1 384 130 393 142
