1 243 1304 543 1624
1 391 1160 574 1336
1 296 1204 416 1324
1 272 1136 384 1229
1 611 1170 762 1336
1 699 1146 828 1277
1 860 1214 984 1365
1 940 1219 1145 1431
1 1082 1224 1360 1529
1 1487 1214 1621 1360
1 1404 1160 1511 1270
1 1499 875 1601 987
1 1594 1138 1689 1263
1 1677 1185 1794 1319
1 1767 1138 1879 1285
1 1584 1338 2001 1836
1 2043 1226 2272 1468
1 1987 1185 2104 1360
1 2038 1148 2143 1275
1 2148 1151 2240 1236
1 2274 1187 2428 1368
1 2316 1153 2413 1282
1 2489 1185 2604 1302
1 2621 1175 2718 1297
1 2704 1163 2791 1277
1 2813 1158 2926 1304
1 2906 1238 3043 1399
1 2599 1277 2809 1468
1 3043 1263 3252 1592
1 2982 1170 3084 1297
1 3104 1158 3213 1290
