1 27 130 50 154
1 1 145 14 170
1 3 135 20 159
1 1 181 44 228
1 89 65 118 104
1 144 105 161 122
1 138 95 157 113
1 174 33 187 53
1 186 54 198 71
1 194 51 206 67
1 208 49 221 66
1 221 56 232 71
1 220 47 232 61
1 230 52 240 64
1 241 56 258 72
1 242 51 254 61
1 242 43 254 53
1 259 42 271 55
1 269 51 281 65
1 263 53 274 67
1 175 93 191 111
1 33 221 74 269
1 80 223 131 270
1 135 202 191 269
1 162 233 218 270
1 230 204 286 258
1 277 232 335 270
1 344 218 400 268
1 318 207 361 250
1 290 186 338 241
1 358 176 398 222
1 325 147 354 172
1 346 132 370 161
1 323 127 344 149
1 319 110 341 133
1 308 117 326 139
1 314 106 331 121
1 315 95 332 111
1 287 104 305 123
1 276 81 292 96
1 290 87 309 104
1 307 77 326 92
1 314 89 330 104
1 293 51 307 67
1 282 42 292 56
1 260 115 281 140
1 238 122 261 147
1 239 145 272 172
1 229 117 247 140
1 218 107 235 128
1 234 106 251 124
1 235 88 251 109
1 218 98 233 114
1 218 87 232 102
1 192 90 207 107
1 200 86 216 105
1 261 90 277 109
1 237 79 247 91
1 338 80 356 100
1 348 101 367 127
1 360 96 375 115
1 383 60 396 76
1 384 47 398 64
1 377 39 386 51
1 367 37 379 52
1 360 50 377 67
1 333 55 350 72
1 324 52 334 64
1 314 61 327 79
1 304 44 317 61
1 289 37 301 52
1 315 33 327 49
1 325 41 336 54
1 339 44 350 55
1 347 39 357 51
1 387 30 398 46
