1 942 1290 1079 1451
1 167 1829 391 2054
1 636 2260 1318 2966
1 1042 1857 1409 2281
1 1018 1775 1255 1972
1 1136 1714 1321 1923
1 1403 1666 1524 1820
1 1467 1748 1615 1926
1 1576 1796 1785 2026
1 1761 1908 2064 2245
1 2223 2278 2648 2790
1 2458 1929 2779 2269
1 2297 1711 2488 1905
1 2051 1845 2230 2014
1 1927 1796 2082 1914
1 1752 1657 1909 1805
1 2109 1620 2258 1796
1 2479 1675 2609 1808
1 2767 1684 2945 1875
1 2679 1820 2879 2014
1 3185 1878 3467 2193
1 3661 1902 4027 2375
1 3464 1790 3721 2090
1 3500 1720 3667 1866
1 3445 1648 3579 1772
1 3233 1817 3412 1984
1 3112 1739 3273 1884
1 3158 1663 3288 1793
1 3685 1642 3836 1796
1 3791 1702 3958 1866
1 3909 1596 4032 1778
