1 1620 1497 2109 2055
1 965 1355 1223 1593
1 682 1207 940 1490
1 458 1217 668 1459
1 265 1173 471 1404
1 178 1176 313 1355
1 54 1104 161 1228
1 551 1038 654 1166
1 771 1076 913 1228
1 958 1142 1099 1293
1 1154 1148 1309 1293
1 1337 1117 1496 1273
1 1513 1224 1723 1417
1 1761 1152 1903 1331
1 1920 1200 2144 1390
1 2289 1179 2534 1404
1 2185 1062 2351 1252
1 2389 1024 2485 1166
1 1668 790 1837 962
1 2716 1021 2816 1145
1 2785 1083 2961 1279
1 3061 1145 3313 1393
1 3006 1076 3161 1242
1 3037 993 3099 1059
1 3220 962 3285 1062
1 3123 1014 3223 1155
1 3278 1145 3434 1338
1 3361 1079 3478 1193
1 3375 955 3440 1042
1 3465 976 3547 1052
1 3485 900 3565 973
1 3706 807 3782 907
1 3882 990 3982 1083
1 3868 935 3951 990
1 3771 1017 3875 1111
1 3613 1073 3720 1193
1 3540 1038 3623 1138
1 3658 1128 3820 1290
1 3830 1135 3934 1238
1 4030 1100 4147 1224
1 4137 924 4213 1038
1 4261 973 4358 1073
1 4309 935 4406 1024
1 4516 924 4599 990
1 4634 962 4723 1073
1 4744 948 4816 1035
1 4834 1035 4909 1142
1 4799 1162 4909 1345
1 4375 1442 4809 1886
1 4278 1255 4558 1514
1 4268 1124 4416 1279
1 4175 1104 4299 1269
1 4606 1059 4716 1193
1 3447 1366 3844 1783
1 2882 1566 3434 2155
