1 80 354 140 423
1 117 349 156 399
1 198 333 263 391
1 185 335 222 369
1 258 316 289 351
1 278 330 315 363
1 292 311 320 343
1 328 317 362 348
1 365 308 403 342
1 373 394 452 476
1 448 363 501 418
1 489 343 531 387
1 527 329 558 369
1 555 324 584 358
1 561 304 584 330
1 600 268 620 296
1 546 387 615 456
1 594 339 644 395
1 620 309 651 340
1 787 297 814 325
1 797 313 827 341
1 821 322 858 361
1 856 319 888 348
1 861 304 879 328
1 908 313 947 354
1 896 358 952 414
1 940 398 1014 470
1 957 335 1005 379
1 1045 366 1107 424
1 1070 176 1096 208
1 1092 166 1119 207
1 1158 167 1187 211
1 1132 477 1253 606
1 1136 391 1233 489
