1 121 596 191 685
1 119 580 175 624
1 105 554 148 604
1 85 546 127 588
1 60 532 92 574
1 44 525 69 555
1 34 507 61 537
1 114 510 143 543
1 146 526 174 559
1 158 509 181 535
1 181 508 200 537
1 184 530 220 564
1 186 545 223 590
1 219 538 263 593
1 227 519 255 551
1 259 523 289 564
1 258 570 307 639
1 306 595 376 676
1 295 541 329 586
1 327 551 369 597
1 331 505 354 534
1 317 494 338 522
1 369 507 394 532
1 388 516 417 549
1 399 568 449 637
1 474 595 542 684
1 428 525 456 563
1 434 501 458 531
1 450 505 467 532
1 459 522 482 553
1 482 528 511 567
1 471 512 490 529
1 504 525 526 557
1 530 534 559 577
1 527 507 548 535
1 561 528 596 569
1 597 544 638 595
1 626 537 654 580
1 617 520 642 544
1 594 510 610 528
1 556 520 578 541
1 557 510 577 527
1 637 509 656 534
1 638 525 656 553
1 672 560 713 614
1 670 537 706 572
1 706 538 734 579
1 675 528 708 556
1 665 513 692 540
1 685 500 707 520
1 802 558 852 616
1 785 543 818 577
1 761 544 788 580
1 757 530 783 559
1 748 522 773 548
1 732 519 750 541
1 743 510 759 529
1 754 506 768 527
1 763 513 781 534
1 785 511 807 534
1 797 525 818 547
1 817 529 849 565
1 819 509 838 532
1 854 527 879 556
1 855 510 876 532
1 888 512 904 534
1 900 544 948 606
1 884 530 922 570
1 943 543 979 593
1 960 522 985 555
1 913 518 940 548
1 933 515 949 534
1 1004 523 1031 553
1 994 509 1014 534
1 1020 548 1071 614
1 1018 532 1052 569
1 1032 518 1054 548
1 1056 518 1077 549
1 1071 518 1090 546
1 1098 547 1134 600
1 1106 518 1131 551
1 1138 535 1178 589
1 1182 523 1210 556
1 1152 519 1181 552
1 1138 508 1166 540
1 1210 536 1255 588
1 1253 535 1291 587
1 1232 516 1267 554
