1 37 211 87 264
1 14 197 45 230
1 1 174 28 207
1 97 246 159 312
1 225 248 282 305
1 148 211 191 259
1 113 201 148 241
1 82 178 120 215
1 184 187 212 215
1 199 205 240 236
1 249 220 291 260
1 238 190 266 223
1 285 208 316 242
1 333 245 382 291
1 425 249 472 295
1 351 224 381 259
1 315 193 337 225
1 352 203 379 231
1 369 215 393 240
1 412 215 439 244
1 410 197 438 224
1 433 219 472 256
1 465 214 487 239
1 470 203 487 228
1 494 224 520 256
1 517 245 558 287
1 522 221 544 250
1 515 202 537 230
1 557 194 586 225
1 561 218 595 254
1 591 240 634 295
1 644 254 678 300
1 659 235 685 272
1 627 218 660 257
1 604 217 630 247
