1 52 55 111 118
1 14 84 34 103
1 1 69 14 86
1 17 62 30 75
1 29 63 42 78
1 41 60 51 72
1 44 71 57 86
1 103 71 118 91
1 118 80 138 100
1 143 71 156 88
1 130 69 143 82
1 138 60 149 74
1 168 60 178 72
1 179 70 193 85
1 201 70 215 84
1 204 61 213 73
1 182 93 202 119
1 196 103 223 132
1 191 126 232 172
1 249 156 299 209
1 267 102 286 131
1 251 87 270 107
1 258 77 274 96
1 234 72 246 91
1 213 82 230 102
1 278 75 289 90
1 303 80 317 94
1 316 88 333 108
1 318 75 329 89
1 320 117 352 155
1 343 79 357 97
1 368 91 384 114
1 390 88 405 104
1 386 139 420 183
1 413 94 428 114
1 421 89 437 104
1 454 90 468 107
