1 243 115 257 133
1 358 228 427 294
1 407 210 445 259
1 460 204 496 244
1 476 191 497 211
1 479 173 498 194
1 453 174 474 194
1 415 188 442 218
1 406 170 431 192
1 372 170 396 191
1 316 174 340 198
1 336 193 363 216
1 290 197 324 230
1 278 177 302 199
1 288 168 307 186
1 333 171 349 186
1 201 230 259 285
1 194 209 230 239
1 80 195 116 228
1 35 189 79 225
1 2 264 58 333
1 23 168 40 184
1 49 170 66 182
1 45 178 67 192
1 71 180 91 198
1 65 162 80 181
1 85 171 97 186
1 105 167 118 181
1 118 169 130 184
1 133 176 153 195
1 146 166 161 182
1 134 166 146 179
1 181 171 197 190
1 211 167 229 185
1 226 192 256 224
1 239 186 265 209
1 157 194 189 243
