1 16 245 53 285
1 42 249 91 315
1 81 265 136 328
1 138 227 170 267
1 158 247 202 302
1 203 232 232 272
1 224 239 268 294
1 259 238 290 278
1 213 326 321 439
1 363 351 432 432
1 485 308 553 395
1 454 255 508 320
1 424 254 461 302
1 377 242 415 292
1 363 196 401 239
1 412 229 442 263
1 461 233 491 262
1 520 235 543 271
1 540 251 571 288
1 552 235 578 263
1 568 255 602 299
1 590 239 619 279
1 608 242 642 283
1 655 170 703 226
1 610 316 723 437
1 716 282 804 389
1 762 264 828 321
1 746 234 780 275
1 817 287 868 341
1 832 258 864 295
1 860 240 895 287
1 920 250 968 303
1 977 237 1023 282
