1 218 288 263 345
1 304 329 378 405
1 292 293 343 343
1 390 275 425 318
1 393 304 450 362
1 468 287 507 337
1 502 271 534 311
1 492 356 569 439
1 553 301 595 352
1 566 268 605 311
1 606 324 680 407
1 658 300 709 357
1 741 291 779 332
1 751 309 796 364
1 726 264 758 297
1 804 263 829 298
1 814 282 853 319
1 839 313 888 370
1 862 356 935 443
1 779 376 872 484
1 861 297 902 335
1 865 271 897 305
1 904 270 933 300
1 916 286 949 326
1 945 278 974 319
1 982 269 1013 299
1 1049 280 1079 314
1 997 335 1051 398
1 963 338 1003 382
1 1039 429 1133 528
1 1090 376 1176 466
1 1083 309 1132 369
1 1113 298 1161 345
1 1153 284 1188 318
1 1173 334 1222 398
1 1220 315 1261 369
1 1079 279 1103 314
