1 1252 184 1275 209
1 852 709 1003 897
1 126 998 374 1199
1 313 573 446 725
1 14 501 126 605
1 2 447 62 526
1 9 376 72 432
1 1 410 42 466
1 99 382 167 440
1 65 342 104 380
1 204 420 282 490
1 191 382 265 448
1 135 350 187 393
1 193 329 246 378
1 265 497 399 604
1 282 442 361 520
1 286 393 344 445
1 292 368 340 406
1 254 362 300 408
1 279 331 326 366
1 355 324 407 373
1 393 358 442 414
1 419 327 454 368
1 440 398 499 466
1 488 403 547 464
1 472 461 552 540
1 563 492 657 584
1 704 522 810 625
1 538 616 684 779
1 891 590 1004 722
1 1151 635 1255 764
1 1104 534 1196 634
1 946 499 1017 587
1 1302 584 1404 690
1 1341 469 1400 545
1 1452 534 1524 611
1 1421 466 1472 532
1 1517 513 1573 580
1 1572 485 1633 551
1 1636 466 1686 524
1 1582 434 1625 484
1 1669 445 1719 495
1 1705 437 1745 482
1 1772 390 1797 435
1 1742 432 1776 468
1 1644 345 1679 383
1 1572 383 1612 431
1 1544 347 1579 385
1 1523 361 1552 397
1 1489 334 1519 362
1 1491 377 1523 419
1 1462 387 1493 425
1 1521 414 1558 457
1 1486 443 1539 493
1 1410 392 1446 438
1 1378 405 1419 441
1 1371 378 1404 414
1 1404 329 1431 358
1 1334 427 1386 482
1 1314 401 1350 451
1 1310 368 1336 409
1 1302 351 1338 383
1 1275 318 1307 347
1 1231 394 1277 438
1 1257 452 1314 511
1 1176 461 1240 529
1 1156 424 1194 474
1 1135 409 1170 442
1 1171 387 1209 427
1 1212 335 1239 373
1 1223 314 1247 338
1 1249 321 1276 352
1 1177 298 1208 326
1 1144 338 1172 368
1 1129 321 1155 347
1 1092 367 1120 404
1 1087 334 1114 364
1 1072 299 1100 329
1 1039 392 1076 436
1 1045 377 1079 408
1 1025 343 1056 371
1 1014 309 1038 340
1 975 304 1000 336
1 934 337 963 366
1 968 352 992 382
1 909 357 950 388
1 924 414 977 463
1 918 443 971 506
1 777 429 850 503
1 1100 476 1171 547
1 647 422 715 505
1 725 395 781 457
1 763 389 798 446
1 799 367 830 403
1 815 353 857 397
1 863 338 891 366
1 847 320 877 350
1 818 316 847 347
1 794 327 819 357
1 772 350 804 389
1 751 330 779 366
1 718 334 750 366
1 691 347 725 382
1 692 321 718 351
1 577 362 626 418
1 644 359 684 405
1 640 320 687 364
1 513 340 566 389
1 494 331 534 367
1 467 347 517 392
1 594 334 635 377
