1 163 182 205 227
1 201 199 234 237
1 257 160 281 181
1 299 149 320 170
1 319 121 337 147
1 335 138 353 158
1 360 160 383 177
1 352 120 371 139
1 384 146 403 159
1 380 126 404 143
1 397 108 418 133
1 421 94 439 112
1 441 101 460 120
1 448 119 470 145
1 472 128 493 151
1 487 141 512 162
1 499 115 520 139
1 500 98 521 120
1 473 96 490 117
1 462 107 479 125
1 462 82 480 104
1 489 83 505 102
1 506 72 521 93
1 525 81 535 94
1 536 82 550 101
1 531 93 546 112
1 535 112 560 134
1 571 88 592 109
1 600 93 622 116
1 558 68 578 86
1 582 53 601 72
1 623 64 636 81
1 640 75 662 101
1 653 58 665 74
1 654 51 671 64
1 663 62 680 79
1 682 51 695 70
1 704 61 721 79
1 726 48 746 68
1 522 160 548 192
1 548 192 580 226
1 591 136 615 165
1 629 144 658 180
1 614 195 647 237
1 688 199 724 238
1 687 162 717 196
1 662 110 683 137
1 689 113 715 143
1 697 91 724 118
1 719 118 742 149
1 727 98 748 121
1 769 160 794 196
1 793 166 826 198
1 815 117 838 144
1 781 110 801 132
1 765 100 782 118
1 734 76 752 98
1 759 76 776 95
1 776 84 794 107
1 793 94 808 113
1 794 75 811 96
1 846 134 873 167
1 830 101 851 127
1 859 88 875 115
1 848 63 866 83
1 836 77 853 96
1 824 67 837 83
1 805 68 822 88
1 794 58 805 72
1 775 65 791 83
1 879 72 900 91
1 890 87 907 105
1 884 97 903 121
1 924 114 949 139
1 920 93 935 115
1 913 75 928 99
1 938 90 954 114
1 939 81 957 98
1 946 75 961 90
1 981 84 995 105
1 978 108 992 132
1 964 119 986 140
1 961 146 990 175