1 127 357 178 412
1 246 232 271 259
1 278 249 307 281
1 314 253 341 286
1 316 211 340 236
1 379 235 413 268
1 402 224 425 250
1 355 223 382 252
1 398 201 417 223
1 434 226 461 255
1 465 221 495 253
1 463 200 485 224
1 463 191 482 208
1 450 172 471 196
1 493 169 515 195
1 519 173 539 198
1 498 206 522 233
1 516 233 548 263
1 534 212 561 240
1 572 208 602 247
1 534 181 554 203
1 538 163 553 183
1 544 158 565 175
1 601 178 624 207
1 601 160 621 181
1 625 165 648 189
1 642 183 665 212
1 667 167 690 195
1 658 145 679 165
1 668 137 687 155
1 703 168 725 193
1 704 152 722 171
1 714 137 735 158
1 739 140 758 166
1 750 152 769 172
1 749 168 768 196
1 783 141 800 160
1 795 155 814 179
1 801 144 821 165
1 534 269 578 316
1 618 273 659 322
1 612 240 651 279
1 698 221 727 254
1 715 255 744 287
1 678 296 720 349
1 729 317 779 367
1 767 248 802 290
1 756 230 784 261
1 741 206 768 235
1 784 183 810 212
1 790 207 820 238
1 807 244 836 277
1 837 269 874 310
1 813 357 860 412
1 902 281 945 323
1 958 340 1010 398
1 994 307 1039 355
1 1065 306 1110 360
1 1007 262 1042 306
1 957 240 985 272
1 975 225 1002 258
1 944 209 967 236
1 913 187 938 217
1 876 178 898 202
1 837 198 862 227
1 828 169 850 198
1 866 161 883 186
1 882 165 900 183
1 919 159 943 184
1 956 159 977 184
1 973 181 997 202
1 998 171 1017 196
1 1011 180 1033 209
1 1035 173 1052 199
1 1003 214 1030 248
1 1029 222 1055 254
1 1059 212 1086 245
1 1065 198 1085 219
1 1083 215 1108 244
1 1107 241 1139 279
1 1096 203 1121 230
1 1109 189 1131 211