1 52 269 107 339
1 266 159 284 178
1 286 156 303 180
1 316 143 333 167
1 327 132 342 149
1 355 120 374 140
1 393 120 408 138
1 397 112 418 133
1 428 95 446 111
1 476 80 487 96
1 508 71 524 87
1 501 81 521 96
1 453 108 468 124
1 458 133 480 154
1 488 108 504 127
1 518 106 535 121
1 485 130 505 151
1 561 72 577 94
1 590 62 608 78
1 584 73 597 89
1 565 111 589 134
1 602 88 623 109
1 612 70 636 87
1 631 51 649 69
1 664 51 680 68
1 653 69 672 93
1 638 114 656 135
1 586 159 611 191
1 497 166 524 200
1 630 145 659 177
1 684 61 699 77
1 712 59 725 76
1 725 57 739 73
1 685 92 705 114
1 722 97 738 124
1 693 139 715 172
1 632 183 663 224
1 700 183 729 222
1 747 70 769 96
1 774 61 790 87
1 742 116 765 143
1 749 152 781 181
1 771 105 789 130
1 799 53 813 66
1 793 129 816 159
1 828 65 840 80
1 823 86 841 107
1 825 156 846 189
1 857 130 878 161
1 842 66 854 84
1 843 94 864 121
1 862 71 872 85
1 880 73 894 91
1 895 99 918 124
1 924 66 937 84
1 920 124 934 143
1 958 70 970 90
1 943 110 961 130
1 981 91 998 110
1 984 85 998 105
1 980 108 998 126
1 980 147 1004 175
1 912 87 930 106
1 862 92 879 111
1 782 83 801 108
1 701 106 723 137
1 428 120 447 140
1 454 152 474 177
1 352 148 371 170
1 404 120 420 141
1 719 77 738 96
1 810 69 829 88