1 10 189 59 240
1 18 146 46 174
1 1 137 19 164
1 50 134 73 155
1 84 140 106 163
1 72 162 108 199
1 153 153 179 181
1 107 129 124 147
1 136 131 154 149
1 141 119 158 135
1 173 127 190 145
1 195 118 209 133
1 206 124 220 140
1 226 119 237 131
1 270 86 286 107
1 275 131 295 152
1 228 133 251 152
1 191 145 215 168
1 140 181 181 218
1 111 234 176 295
1 235 184 274 231
1 232 152 260 183
1 257 144 277 173
1 261 127 276 146
1 315 153 338 177
1 281 168 311 203
1 351 200 404 245
1 281 279 359 332
1 362 170 393 206
1 390 164 413 193
1 399 142 422 167
1 398 136 417 151
1 406 129 422 143
1 333 139 350 156
1 323 126 337 143
1 350 132 366 149
1 363 130 377 145
1 361 76 377 92