1 166 261 207 311
1 259 142 277 164
1 275 145 296 170
1 302 147 322 170
1 314 161 336 182
1 330 126 351 144
1 361 113 378 134
1 366 127 386 147
1 366 146 392 167
1 398 145 420 167
1 403 102 419 122
1 406 119 427 141
1 418 111 439 130
1 436 134 459 162
1 452 108 473 131
1 465 97 483 115
1 473 83 489 99
1 477 119 496 143
1 498 125 518 149
1 514 110 534 132
1 504 105 518 123
1 510 90 528 107
1 522 70 537 86
1 541 91 561 110
1 560 89 576 112
1 545 111 566 135
1 529 86 546 101
1 585 80 596 95
1 580 71 592 85
1 602 93 620 113
1 613 71 626 87
1 624 75 641 95
1 640 65 656 85
1 650 77 663 95
1 664 65 678 81
1 676 64 693 83
1 701 64 713 82
1 577 138 604 167
1 538 160 565 193
1 557 169 592 207
1 626 181 661 216
1 643 134 672 165
1 637 120 660 147
1 701 115 723 143
1 684 139 710 176
1 690 103 709 125
1 725 93 742 117
1 729 79 746 98
1 746 81 760 101
1 766 85 782 110
1 775 77 792 98
1 788 70 805 91
1 805 68 820 89
1 805 87 825 107
1 748 108 772 139
1 789 121 818 158
1 747 156 776 187
1 804 158 834 193
1 811 107 834 136
1 834 72 852 95
1 848 88 866 117
1 890 71 911 93
1 859 123 884 151
1 896 138 925 164
1 875 176 904 214
1 960 129 986 162
1 981 139 1008 177
1 940 110 961 136
1 925 104 943 126
1 921 87 936 108
1 941 84 955 106
1 890 106 909 127