1 73 149 99 179
1 276 124 295 146
1 292 123 309 143
1 331 101 348 123
1 352 102 371 123
1 356 121 376 143
1 334 124 353 146
1 377 125 395 150
1 379 109 394 128
1 386 93 399 109
1 391 105 408 131
1 408 127 429 153
1 422 109 441 133
1 445 134 467 159
1 457 113 477 137
1 451 105 465 122
1 444 87 460 106
1 424 93 438 109
1 405 91 422 112
1 490 80 506 99
1 501 84 516 101
1 503 97 524 116
1 528 97 546 118
1 541 85 559 103
1 563 101 578 121
1 573 87 589 106
1 557 76 571 91
1 553 69 569 85
1 525 71 538 88
1 505 69 518 84
1 581 74 594 90
1 601 77 614 93
1 613 87 627 105
1 605 86 616 101
1 615 69 626 84
1 622 66 633 82
1 630 73 646 92
1 648 81 664 101
1 648 64 664 81
1 665 59 676 73
1 672 67 684 82
1 676 97 695 119
1 664 77 677 95
1 688 72 703 89
1 691 58 706 76
1 713 59 730 79
1 593 119 618 148
1 627 110 649 138
1 641 132 667 160
1 686 118 706 143
1 694 136 722 165
1 694 163 728 205
1 746 201 781 242
1 791 161 821 197
1 828 141 850 172
1 922 177 952 211
1 931 140 951 164
1 949 122 965 150
1 947 113 962 132
1 964 106 980 126
1 926 83 939 105
1 918 96 933 119
1 910 99 926 121
1 904 111 919 130
1 897 124 918 152
1 849 119 867 144
1 867 119 881 142
1 876 102 895 125
1 887 88 901 110
1 865 82 880 103
1 850 90 864 109
1 842 96 857 113
1 826 111 847 134
1 799 113 819 139
1 803 91 822 111
1 809 75 824 92
1 795 81 809 96
1 845 75 859 93
1 790 70 805 87
1 767 72 783 90
1 761 106 780 128
1 773 128 796 159
1 739 127 760 155
1 721 98 742 122
1 708 100 723 117
1 744 91 760 113
1 742 78 758 98