1 98 323 155 395
1 285 144 308 172
1 295 145 318 172
1 350 130 372 155
1 390 114 413 141
1 388 130 407 154
1 419 125 442 149
1 440 111 458 136
1 459 110 478 129
1 525 96 541 116
1 528 89 549 113
1 500 129 523 157
1 463 143 486 174
1 547 105 565 129
1 550 162 578 195
1 594 127 621 156
1 591 75 608 94
1 601 88 622 114
1 623 80 639 102
1 660 87 680 109
1 643 87 666 112
1 627 114 650 138
1 698 70 717 94
1 710 84 730 107
1 728 70 744 96
1 751 67 769 87
1 764 82 782 100
1 800 68 818 88
1 832 66 856 87
1 820 78 836 102
1 829 98 847 119
1 867 72 890 91
1 869 82 888 107
1 901 82 919 102
1 761 114 781 138
1 766 154 795 184
1 722 187 744 214
1 831 126 855 154
1 862 117 883 142
1 757 206 791 237
1 825 221 854 260
1 899 153 924 179
1 927 124 951 151
1 946 107 964 128
1 973 99 992 121
1 1014 102 1038 134
1 993 132 1017 165
1 1027 122 1045 142
1 1038 114 1059 139
1 941 160 965 191
1 896 224 929 261
1 991 251 1023 301
1 1000 168 1027 199
1 1080 128 1101 154
1 1133 122 1148 145
1 1133 145 1150 165
1 1081 190 1108 223
1 1116 164 1138 188
1 1109 226 1137 255
1 1078 279 1115 332
1 1187 241 1219 284
1 1165 147 1183 176
1 1190 132 1206 160
1 1232 143 1248 169
1 1162 178 1184 206
1 1218 172 1244 202
1 1193 205 1218 241
1 1219 199 1239 231
1 739 110 756 130
1 659 123 684 149
1 771 93 792 119