1 54 139 75 165
1 71 158 98 187
1 98 165 128 196
1 114 144 135 171
1 163 141 182 163
1 146 177 183 220
1 205 193 247 241
1 260 243 313 312
1 365 207 400 243
1 391 184 422 219
1 417 167 444 197
1 446 164 468 188
1 449 155 465 172
1 463 149 477 167
1 456 140 472 158
1 467 135 478 151
1 467 147 487 166
1 442 131 450 143
1 427 138 440 150
1 415 132 425 144
1 398 133 409 147
1 394 128 404 141
1 373 130 386 148
1 353 129 364 142
1 353 123 363 133
1 330 126 342 140
1 314 125 326 140
1 307 127 320 141
1 285 131 295 145
1 261 132 273 147
1 230 131 244 148
1 193 135 211 157