1 148 193 181 233
1 164 186 207 238
1 269 163 290 185
1 306 153 328 174
1 336 137 356 159
1 346 128 359 143
1 362 122 379 143
1 384 139 402 163
1 382 126 394 143
1 397 131 414 150
1 404 110 423 133
1 434 95 447 113
1 442 104 468 125
1 449 124 469 146
1 477 126 496 145
1 485 140 519 168
1 473 103 491 126
1 482 96 497 113
1 498 106 514 125
1 495 89 511 104
1 511 90 532 110
1 512 106 535 126
1 546 116 568 140
1 516 70 529 85
1 566 73 577 93
1 576 91 594 109
1 579 74 594 93
1 600 76 613 96
1 599 101 619 123
1 610 90 626 105
1 650 81 669 101
1 633 57 649 76
1 676 53 691 72
1 687 51 698 66
1 663 29 679 44
1 717 31 734 48
1 745 27 761 45
1 594 137 620 167
1 553 197 593 232
1 509 166 536 199
1 623 194 651 232
1 703 195 735 239
1 692 162 723 193
1 632 148 660 177
1 656 115 684 143
1 688 97 713 119
1 703 115 726 144
1 726 118 755 152
1 727 104 751 127
1 731 84 749 104
1 765 92 783 109
1 767 76 783 95
1 792 81 809 102
1 790 95 810 120
1 778 109 805 135
1 786 137 816 175
1 756 157 787 193
1 830 173 859 208
1 853 130 878 161
1 834 104 855 126
1 833 67 850 87
1 845 79 863 99
1 871 91 888 113
1 884 78 901 101
1 896 89 916 113
1 907 78 923 96
1 916 68 929 86
1 948 106 968 131
1 922 129 943 160
1 962 158 990 190
1 983 111 998 132
1 987 88 1002 107
1 946 84 960 103
1 953 78 971 95