1 44 213 64 238
1 262 149 275 163
1 283 155 299 168
1 306 147 323 168
1 333 147 348 170
1 347 153 364 174
1 337 124 353 140
1 367 131 385 148
1 371 118 386 131
1 386 111 400 125
1 405 105 418 124
1 419 111 436 128
1 403 132 419 151
1 380 155 399 177
1 411 162 435 186
1 455 131 475 153
1 469 107 483 124
1 486 114 502 129
1 494 131 514 151
1 508 107 528 128
1 487 82 501 94
1 522 93 536 112
1 512 77 523 89
1 552 114 569 137
1 562 93 577 110
1 594 96 612 115
1 597 69 609 84
1 615 79 627 95
1 628 66 639 80
1 649 65 660 79
1 648 81 660 95
1 676 78 688 94
1 676 66 686 77
1 717 64 731 80
1 507 167 534 197
1 592 160 618 192
1 600 118 625 152
1 655 134 674 160
1 671 113 685 131
1 686 117 708 144
1 696 147 718 174
1 648 180 685 210
1 725 108 741 125
1 721 86 735 102
1 750 85 764 100
1 770 102 788 123
1 741 132 759 152
1 757 163 779 190
1 802 122 819 150
1 803 95 820 112
1 790 78 805 97
1 808 74 823 90
1 832 79 846 97
1 854 72 865 87
1 883 79 896 98
1 860 100 876 121
1 823 112 841 136
1 876 122 893 143
1 810 165 835 194
1 887 172 914 204
1 903 144 926 171
1 990 146 1012 178
1 975 132 994 164
1 954 108 973 129
1 945 98 958 111
1 945 86 957 100
1 897 103 914 123
1 905 92 920 107