1 73 289 140 358
1 213 155 237 184
1 245 151 274 184
1 301 128 322 154
1 348 129 374 155
1 350 112 373 134
1 376 118 403 149
1 404 113 426 134
1 421 106 438 126
1 456 101 474 122
1 452 131 472 156
1 426 139 449 172
1 510 165 537 197
1 508 99 531 123
1 507 89 528 108
1 537 85 553 106
1 551 89 566 111
1 552 126 579 162
1 588 108 613 132
1 565 89 587 115
1 584 77 603 101
1 614 87 635 110
1 655 115 676 142
1 659 66 676 91
1 667 80 686 100
1 686 66 705 88
1 691 104 715 129
1 692 91 714 113
1 710 63 729 82
1 720 99 739 122
1 743 104 763 128
1 722 79 743 99
1 752 64 769 85
1 788 72 806 94
1 790 94 803 115
1 800 67 814 85
1 824 83 846 106
1 829 70 846 89
1 856 83 870 103
1 834 110 853 137
1 800 120 825 154
1 738 160 767 189
1 680 177 714 211
1 722 194 756 234
1 780 218 815 252
1 857 212 895 253
1 871 150 896 181
1 903 153 929 187
1 891 122 915 147
1 894 103 914 124
1 929 97 946 123
1 940 110 958 135
1 950 142 976 176
1 976 158 1006 192
1 989 122 1010 148
1 976 96 996 127
1 1016 116 1034 139
1 1053 125 1072 149
1 1061 123 1079 144
1 1093 124 1113 146
1 1088 143 1108 165
1 1071 153 1094 180
1 1041 185 1063 215
1 1055 175 1076 198
1 1069 214 1097 254
1 1040 261 1072 310
1 948 244 991 297
1 1151 257 1176 299
1 1141 206 1169 245
1 1115 178 1141 213
1 1127 147 1145 172
1 1147 130 1166 156
1 1196 144 1217 170
1 1180 171 1196 190
1 1179 199 1200 230
1 1181 185 1199 205