1 408 106 618 372
1 719 110 771 182
1 124 96 181 156
1 75 60 125 111
1 42 58 82 103
1 203 57 230 90
1 229 74 266 118
1 252 49 286 88
1 279 64 329 133
1 322 61 353 97
1 313 47 337 71
1 279 40 301 64
1 362 56 394 97
1 352 43 368 65
1 385 47 408 77
1 408 39 437 73
1 416 67 455 114
1 382 98 427 154
1 458 49 483 83
1 455 33 476 53
1 477 44 498 75
1 516 44 543 73
1 532 59 562 102
1 542 40 559 64
1 585 63 612 99
1 592 42 612 67
1 585 38 600 58
1 626 46 656 80
1 622 34 646 60
1 683 81 722 136
1 691 50 717 83
1 676 44 697 77
1 504 81 551 122
1 743 47 767 78
1 738 33 760 57
1 764 72 796 114
1 789 68 818 112
1 779 39 798 66
1 801 25 820 48
1 817 47 843 81
1 842 65 883 115
1 844 46 871 74
1 876 53 912 98
1 900 51 921 87
1 893 36 917 61
1 915 45 938 80
1 946 37 969 66
1 967 29 981 49
1 1059 64 1098 120
1 1055 130 1136 211
1 1168 77 1204 128
1 1211 89 1261 155
1 1214 120 1280 197
1 1148 63 1190 116
1 1138 47 1167 77
1 1124 39 1148 76
1 1058 49 1095 78
1 1050 44 1071 68
1 1047 36 1067 59