1 49 136 69 163
1 78 153 97 175
1 97 153 112 174
1 115 151 135 174
1 134 148 148 172
1 147 153 166 171
1 171 146 187 165
1 183 151 201 172
1 206 142 224 168
1 220 151 239 171
1 236 139 253 156
1 252 141 268 165
1 271 149 287 170
1 278 130 293 151
1 290 146 306 165
1 307 138 327 163
1 322 142 339 163
1 348 142 365 166
1 362 149 379 168
1 369 137 385 158
1 379 141 397 162
1 403 147 420 167
1 421 144 439 164
1 415 141 430 154
1 450 145 469 167
1 469 139 483 164
1 484 141 501 164
1 515 149 532 167
1 543 137 562 160