1 136 215 167 264
1 325 130 346 154
1 347 124 371 151
1 387 109 406 131
1 372 125 396 150
1 379 172 407 197
1 410 159 435 192
1 411 102 431 125
1 426 109 452 129
1 424 127 450 152
1 475 99 499 119
1 492 134 516 159
1 519 109 542 131
1 515 85 536 102
1 551 91 576 115
1 601 62 621 82
1 577 86 601 110
1 561 112 585 136
1 625 74 642 87
1 625 92 645 112
1 655 77 676 100
1 527 157 554 190
1 567 168 602 209
1 631 144 660 174
1 666 106 684 131
1 667 169 695 199
1 699 151 722 178
1 705 112 737 146
1 699 97 722 124
1 730 81 754 110
1 752 31 769 53
1 849 36 867 59
1 785 102 815 132
1 740 122 772 159
1 767 145 793 177
1 819 148 847 177
1 807 115 839 149
1 817 86 835 116
1 912 83 928 111
1 886 170 917 204
1 912 139 939 167
1 970 155 995 185
1 975 131 996 160
1 979 64 997 92
1 990 70 1011 100