1 162 262 211 313
1 775 60 796 83
1 402 98 420 121
1 582 68 597 86
1 356 120 374 142
1 259 147 280 171
1 467 85 483 103
1 441 100 457 120
1 501 77 528 102
1 649 60 657 75
1 672 62 690 78
1 702 70 719 88
1 374 117 397 146
1 301 143 325 171
1 322 155 345 175
1 385 145 407 171
1 453 133 475 165
1 504 100 537 133
1 535 87 556 113
1 564 86 585 113
1 497 130 520 154
1 602 90 625 115
1 651 79 669 97
1 674 78 695 101
1 541 156 579 192
1 572 126 607 162
1 601 155 629 189
1 652 162 682 200
1 656 127 678 154
1 659 105 683 129
1 694 99 709 121
1 722 86 742 105
1 712 135 736 162
1 751 122 779 152
1 763 92 784 109
1 807 81 827 107
1 825 82 844 103
1 846 84 861 103
1 935 85 950 110
1 881 80 896 101
1 815 110 840 132
1 807 125 834 156
1 746 155 772 183
1 807 157 835 188
1 882 182 908 220
1 868 121 892 149
1 886 111 908 136
1 945 115 969 142
1 971 125 992 149
1 911 147 935 177
1 971 150 995 178
1 413 118 439 145
1 615 67 632 88
1 547 112 584 141
1 904 89 920 108
1 454 104 473 130
1 628 76 643 100
1 947 82 960 114
1 810 70 822 87
1 775 108 796 134
1 788 74 804 96
1 737 92 756 120