1 11 108 39 137
1 10 92 33 118
1 2 54 19 74
1 49 97 67 119
1 42 126 73 162
1 74 109 95 136
1 102 99 119 121
1 119 97 133 119
1 129 127 158 163
1 148 146 180 187
1 153 114 168 133
1 163 101 179 117
1 202 105 219 125
1 196 121 216 143
1 217 132 241 162
1 230 152 258 185
1 259 116 272 134
1 271 124 287 149
1 281 129 299 153
1 298 147 321 178
1 306 120 320 138
1 307 109 320 127
1 323 126 341 150
1 356 115 371 133
1 369 122 385 143
1 376 129 393 151
1 363 149 387 176
1 393 115 409 135
1 421 121 439 140
1 429 132 447 155
1 445 144 465 171
1 510 101 526 119