1 33 221 76 267
1 261 162 285 182
1 298 149 316 172
1 310 140 329 167
1 316 163 336 185
1 344 161 368 186
1 415 165 441 194
1 331 122 349 143
1 354 122 373 144
1 378 123 394 144
1 397 128 415 151
1 403 111 425 133
1 424 95 441 116
1 443 93 461 118
1 460 105 479 128
1 433 122 454 146
1 446 134 469 158
1 502 128 523 154
1 484 112 502 135
1 474 95 492 109
1 468 79 486 97
1 491 85 510 109
1 506 74 520 90
1 525 81 541 98
1 544 85 560 104
1 527 96 546 119
1 563 111 583 133
1 604 86 622 108
1 577 82 596 105
1 558 73 577 94
1 597 59 616 75
1 614 69 631 83
1 619 77 636 94
1 629 90 654 111
1 624 53 638 67
1 645 61 658 75
1 649 53 660 65
1 644 78 660 91
1 663 66 684 84
1 672 54 687 74
1 703 64 724 86
1 730 47 749 69
1 673 97 697 123
1 636 116 659 141
1 629 139 654 171
1 581 133 609 161
1 580 165 612 197
1 509 162 536 193
1 621 211 653 244
1 698 190 729 229
1 707 131 734 158
1 701 109 723 137
1 732 119 759 150
1 724 96 746 119
1 717 83 740 106
1 750 75 766 94
1 767 84 785 107
1 780 73 797 94
1 783 65 795 81
1 786 53 804 71
1 741 152 775 188
1 811 153 844 190
1 796 119 823 150
1 782 97 802 123
1 800 84 817 109
1 807 75 825 93
1 825 59 841 79
1 844 73 858 94
1 858 64 874 84
1 866 84 882 106
1 880 79 895 99
1 835 97 855 124
1 888 102 909 130
1 917 124 936 151
1 924 107 944 137
1 907 87 922 107
1 922 68 935 87
1 917 81 934 102
1 943 91 957 114
1 950 71 965 88
1 978 80 1000 102
1 970 144 996 179