1 811 66 820 81
1 840 75 849 88
1 785 62 795 77
1 777 70 787 84
1 769 79 784 98
1 834 101 847 119
1 824 111 839 131
1 826 128 843 154
1 801 107 814 126
1 795 96 807 113
1 803 85 816 104
1 749 63 760 78
1 733 74 746 90
1 744 96 762 118
1 775 114 794 142
1 800 167 829 206
1 750 143 773 173
1 695 58 707 72
1 703 71 716 92
1 713 94 730 116
1 730 115 746 139
1 705 123 723 153
1 684 154 707 193
1 696 174 726 214
1 679 98 696 123
1 653 90 671 115
1 653 112 674 140
1 631 145 654 183
1 672 52 684 71
1 633 46 643 58
1 606 49 615 63
1 581 47 591 58
1 566 94 580 115
1 592 104 607 124
1 627 105 643 126
1 593 80 606 98
1 624 83 640 103
1 545 123 564 146
1 538 152 565 181
1 504 143 524 169
1 469 134 491 157
1 499 122 516 142
1 532 79 545 97
1 544 70 557 86
1 504 53 514 66
1 510 60 520 73
1 484 57 494 69
1 460 60 471 72
1 469 63 481 78
1 542 46 552 58
1 483 86 496 101
1 470 92 483 113
1 437 91 450 109
1 418 89 434 108
1 397 104 413 128
1 415 107 434 128
1 401 89 412 106
1 401 75 413 90
1 422 67 430 78
1 433 71 445 85
1 353 130 367 148
1 328 122 344 144
1 301 115 322 142
1 328 95 343 108
1 356 94 374 108
1 354 107 370 125
1 370 81 380 95
1 246 125 259 142
1 260 127 276 146
1 576 64 586 78