1 728 160 773 211
1 782 121 802 149
1 625 110 647 130
1 592 104 615 125
1 560 96 581 118
1 514 107 536 131
1 474 98 497 118
1 402 106 421 128
1 325 88 340 106
1 286 92 304 109
1 351 78 364 95
1 365 81 380 98
1 391 72 405 90
1 390 63 403 76
1 408 73 423 92
1 413 61 429 74
1 422 71 441 90
1 445 53 458 71
1 442 85 463 107
1 464 78 482 99
1 443 73 459 88
1 469 55 482 71
1 479 65 496 85
1 495 70 514 86
1 506 55 522 77
1 516 52 532 67
1 532 63 549 78
1 515 83 532 100
1 483 85 503 101
1 550 44 569 58
1 550 74 566 90
1 558 54 573 71
1 587 61 598 76
1 588 50 600 64
1 604 47 614 63
1 632 54 644 68
1 585 86 601 106
1 621 80 637 99
1 639 83 655 102
1 646 63 659 81
1 660 66 673 81
1 664 78 677 94
1 713 93 730 115
1 691 77 703 99
1 681 62 693 76
1 712 57 724 72
1 723 71 737 89
1 738 57 748 74
1 743 76 756 95
1 765 91 781 115
1 766 65 776 83
1 784 65 796 81
1 815 79 828 99
1 846 75 858 93
1 826 111 847 139
1 799 108 816 132
1 839 104 855 127