1 124 251 197 299
1 65 198 104 232
1 53 163 78 189
1 38 152 54 172
1 1 140 11 151
1 17 134 29 146
1 30 142 40 154
1 37 143 48 156
1 47 136 57 147
1 50 140 62 155
1 62 144 73 156
1 79 147 91 163
1 95 152 113 173
1 117 163 142 188
1 120 139 130 149
1 130 137 140 149
1 145 138 156 151
1 159 142 171 157
1 165 136 176 147
1 156 117 165 128
1 177 134 187 142
1 179 141 186 153
1 184 140 197 154
1 192 147 205 161
1 200 140 209 149
1 214 132 225 144
1 219 137 229 148
1 226 141 239 156
1 230 149 243 163
1 213 153 233 174
1 180 200 216 243
1 240 209 298 271
1 275 171 300 199
1 266 157 285 177
1 253 141 269 160
1 239 138 254 151
1 243 135 253 146
1 252 131 265 145
1 267 138 274 147
1 273 139 282 152
1 277 144 291 159
1 295 141 306 155
1 305 157 324 178
1 320 146 338 161
1 315 140 326 151
1 329 136 341 149
1 347 146 360 159
1 332 143 345 157
1 360 159 383 186
1 371 143 384 154
1 384 148 405 174
1 403 144 418 159
1 421 137 437 152