1 9 189 29 212
1 41 193 61 212
1 66 196 85 219
1 92 196 110 217
1 114 198 132 220
1 137 199 154 217
1 153 184 168 204
1 163 190 181 211
1 182 188 199 211
1 195 198 213 218
1 216 190 233 212
1 228 190 245 211
1 249 183 267 204
1 254 202 277 227
1 270 192 284 212
1 280 202 301 226
1 285 182 301 201
1 307 189 323 209
1 313 200 331 220
1 328 185 345 206
1 342 188 362 212
1 363 190 381 216
1 370 196 390 220
1 395 198 415 218
1 415 191 431 214
1 433 193 450 217
1 458 191 478 216
1 489 198 510 222
1 516 189 539 214