1 19 255 67 315
1 262 150 287 180
1 294 143 326 174
1 329 123 353 155
1 385 117 410 145
1 399 97 424 127
1 428 108 457 139
1 448 101 469 130
1 483 131 503 156
1 511 122 534 154
1 468 94 491 120
1 498 92 520 117
1 549 160 581 193
1 552 90 574 113
1 555 78 579 100
1 580 76 600 102
1 594 89 616 112
1 631 96 657 125
1 594 120 623 154
1 698 107 721 134
1 658 76 684 103
1 631 68 652 91
1 700 58 722 80
1 734 57 756 78
1 709 73 734 99
1 729 99 750 127
1 738 79 761 104
1 767 90 789 113
1 769 70 791 93
1 760 51 781 73
1 791 91 811 121
1 800 52 820 76
1 827 59 847 85
1 835 84 854 106
1 846 64 864 85
1 871 60 889 79
1 871 71 891 96
1 919 73 939 95
1 897 99 920 128
1 834 121 864 159
1 759 140 797 180
1 704 174 742 214
1 743 207 779 245
1 825 222 863 263
1 922 210 956 260
1 910 135 939 169
1 950 147 977 184
1 937 108 961 140
1 963 91 980 114
1 985 100 1003 123
1 1006 121 1026 150
1 1026 145 1054 186
1 1037 110 1058 134
1 1024 91 1043 113
1 1054 105 1071 130
1 1094 115 1112 137
1 1079 174 1105 211
1 1117 206 1150 244
1 1075 253 1111 302
1 987 230 1031 282
1 1097 157 1120 190
1 1119 139 1140 168
1 1134 128 1151 152
1 1144 116 1163 139
1 1169 172 1191 205
1 1173 138 1196 164
1 1191 119 1211 142
1 1206 240 1236 287
1 1209 204 1238 243
1 1222 190 1247 221
1 1229 163 1250 193
1 1237 129 1256 156