1 20 343 84 415
1 256 146 276 171
1 343 124 365 150
1 390 125 410 155
1 404 103 428 131
1 417 120 439 149
1 444 114 464 139
1 462 143 492 178
1 451 106 470 125
1 500 101 524 126
1 513 127 534 149
1 547 159 576 195
1 592 133 621 164
1 544 108 565 131
1 537 86 559 110
1 574 83 596 109
1 604 84 625 110
1 626 75 646 101
1 630 106 651 131
1 697 117 724 146
1 666 82 685 105
1 697 83 715 108
1 702 70 721 90
1 736 68 753 91
1 741 87 762 111
1 729 104 751 130
1 755 61 775 85
1 777 84 797 107
1 802 62 821 87
1 792 103 813 131
1 833 95 852 116
1 828 76 844 99
1 846 66 862 89
1 869 69 890 91
1 898 78 916 101
1 855 88 879 116
1 695 188 725 225
1 756 202 786 240
1 772 152 803 188
1 821 223 862 268
1 905 214 939 252
1 1001 249 1042 301
1 1071 282 1116 332
1 1088 214 1121 256
1 1197 252 1226 298
1 1186 203 1218 245
1 1229 203 1252 235
1 1219 182 1241 212
1 1230 170 1248 190
1 1239 144 1263 169
1 1196 135 1212 159
1 1176 148 1195 174
1 1156 177 1183 205
1 1083 186 1110 219
1 1118 150 1142 179
1 1132 139 1150 163
1 1143 123 1163 147
1 1097 125 1118 150
1 1023 162 1054 199
1 961 155 987 182
1 995 136 1021 170
1 1036 119 1058 146
1 1019 98 1042 127
1 981 106 1002 134
1 982 89 1001 114
1 950 124 971 150
1 899 114 923 139
1 923 111 946 139
1 939 107 960 138
1 896 146 924 182
1 845 130 872 165