1 30 211 58 238
1 22 203 40 221
1 44 197 62 215
1 53 202 69 219
1 59 209 83 231
1 70 194 86 209
1 89 205 106 222
1 94 196 106 209
1 102 189 114 202
1 105 198 118 213
1 86 224 129 271
1 120 225 147 256
1 137 219 158 242
1 119 194 131 209
1 130 191 139 201
1 140 189 151 200
1 160 205 177 222
1 167 200 182 217
1 179 193 194 209
1 186 187 198 198
1 155 220 192 264
1 192 220 218 262
1 207 206 224 225
1 204 200 218 212
1 208 189 218 200
1 230 175 240 187
1 229 190 238 200
1 247 190 258 203
1 234 197 249 216
1 236 230 276 275
1 248 211 276 239
1 259 199 274 216
1 278 211 293 228
1 293 209 315 236
1 305 221 336 257
1 289 195 300 210
1 287 189 297 198
1 305 186 317 198
1 314 191 326 205
1 324 192 339 209
1 324 186 335 195
1 337 196 358 218
1 345 189 355 202
1 359 192 372 207
1 364 209 380 230
1 346 238 390 285
1 402 219 427 247
1 400 204 417 225
1 407 196 427 219
1 377 188 392 205
1 434 197 450 218