1 50 266 79 300
1 382 159 403 181
1 420 143 441 170
1 415 172 439 197
1 453 148 474 170
1 467 148 486 172
1 455 172 477 199
1 487 176 511 204
1 495 158 516 180
1 518 172 548 204
1 532 149 556 175
1 524 128 545 151
1 552 111 569 129
1 567 115 583 131
1 557 128 575 148
1 580 97 595 114
1 601 96 615 114
1 595 144 615 169
1 634 124 655 147
1 632 97 647 114
1 644 107 660 124
1 647 86 660 104
1 664 98 679 116
1 675 89 687 108
1 684 110 701 129
1 696 94 711 114
1 702 79 716 97
1 729 76 743 94
1 738 74 752 94
1 745 82 762 103
1 728 93 747 114
1 717 110 736 132
1 776 91 792 110
1 787 88 800 104
1 795 81 808 98
1 812 83 829 102
1 827 89 844 107
1 829 72 841 90
1 821 68 836 86
1 867 77 883 93
1 763 71 777 87
1 762 138 786 164
1 756 162 784 194
1 686 174 714 205
1 654 195 687 227
1 719 212 751 251
1 827 173 857 211
1 852 145 873 172
1 856 125 876 149
1 903 136 929 167
1 887 99 906 125
1 912 88 933 110
1 932 94 953 116
1 935 157 962 189
1 960 149 983 175
1 946 196 975 235
1 1020 225 1056 273
1 1030 207 1067 244
1 1130 228 1161 262
1 1145 196 1169 222
1 1077 163 1105 192
1 1027 168 1051 195
1 1039 136 1060 159
1 1049 124 1069 146
1 1132 147 1158 177
1 1153 133 1173 157
1 1157 109 1177 132
1 1168 100 1188 122
1 1140 93 1156 114
1 1126 100 1144 121
1 1109 117 1130 144
1 1079 99 1097 121
1 1089 93 1104 109
1 1037 98 1057 120
1 1044 84 1059 100
1 998 120 1017 141
1 1009 102 1028 123
1 1006 83 1023 100
1 981 77 995 95
1 969 100 988 124
1 1087 323 1123 367
1 364 212 387 229