1 175 197 226 248
1 326 91 345 110
1 354 95 369 115
1 369 79 381 95
1 374 106 391 122
1 379 120 400 138
1 410 103 427 123
1 411 88 425 105
1 421 76 434 90
1 435 84 449 103
1 441 98 459 120
1 454 110 474 136
1 452 89 469 107
1 448 69 462 83
1 468 67 482 84
1 477 61 487 73
1 498 79 515 100
1 480 94 500 113
1 509 95 526 114
1 522 83 539 101
1 519 66 533 79
1 533 70 549 85
1 565 73 582 90
1 551 85 572 103
1 570 66 582 79
1 564 53 577 69
1 583 51 593 63
1 600 63 615 77
1 626 53 637 69
1 633 62 650 79
1 658 60 673 74
1 679 57 690 72
1 544 117 564 142
1 583 115 609 146
1 595 103 621 127
1 609 148 637 179
1 650 176 682 207
1 700 126 730 157
1 711 113 732 138
1 725 98 742 117
1 704 85 724 105
1 691 73 706 93
1 680 76 696 93
1 676 92 694 113
1 716 68 730 84
1 728 81 744 98
1 750 63 765 78
1 764 76 778 91
1 743 93 762 113
1 758 104 776 124
1 802 115 822 137
1 788 131 811 163
1 814 150 842 178
1 818 132 843 158
1 855 123 872 142
1 825 96 841 114
1 792 93 809 112
1 804 75 820 92
1 841 88 854 105
1 860 102 874 122
1 892 159 917 190
1 905 111 921 131
1 911 97 926 117
1 901 82 914 97