1 188 239 242 297
1 249 212 295 269
1 291 114 309 136
1 360 144 377 171
1 379 152 404 179
1 445 160 472 190
1 502 175 529 205
1 463 133 482 156
1 441 126 459 146
1 418 106 436 126
1 474 106 489 126
1 497 115 512 133
1 563 114 579 135
1 482 84 494 98
1 492 88 506 99
1 501 98 517 112
1 511 74 523 86
1 560 77 573 91
1 537 95 553 114
1 586 86 602 103
1 608 87 623 106
1 606 60 619 73
1 736 53 750 70
1 630 143 653 166
1 704 143 730 166
1 757 158 777 187
1 797 167 826 197
1 724 87 740 108
1 752 75 767 92
1 779 89 793 107
1 787 79 802 97
1 797 96 816 118
1 846 103 863 126
1 799 53 814 72
1 864 69 880 86
1 895 99 910 116
1 926 127 941 155