1 60 331 127 402
1 255 148 281 175
1 265 163 295 193
1 327 135 351 160
1 349 135 371 165
1 372 115 393 138
1 392 127 417 155
1 418 119 441 145
1 437 111 459 135
1 471 107 490 127
1 445 145 468 173
1 476 140 498 167
1 522 107 541 131
1 527 93 549 117
1 525 168 552 200
1 567 135 593 164
1 551 96 570 113
1 567 95 583 117
1 591 87 610 107
1 580 97 602 123
1 602 115 621 140
1 629 93 650 119
1 640 89 659 110
1 678 75 693 96
1 679 86 699 106
1 700 77 718 99
1 671 128 694 152
1 710 96 729 118
1 733 67 752 87
1 742 86 761 106
1 745 97 766 123
1 757 109 778 135
1 771 73 787 94
1 817 73 833 93
1 803 83 821 104
1 806 103 822 126
1 807 123 830 154
1 849 78 864 98
1 841 84 859 109
1 873 84 891 109
1 853 118 873 148
1 746 163 776 198
1 697 190 731 221
1 735 207 764 240
1 803 225 832 261
1 878 221 911 258
1 883 144 907 174
1 909 130 930 154
1 919 110 939 132
1 948 103 966 127
1 956 116 977 141
1 993 109 1011 131
1 1006 130 1029 151
1 981 139 1004 165
1 999 167 1023 199
1 917 165 944 197
1 970 242 1009 289
1 1055 266 1090 318
1 1082 223 1107 266
1 1061 193 1087 229
1 1060 177 1079 205
1 1085 168 1109 194
1 1071 136 1090 157
1 1035 121 1054 143
1 1070 120 1092 146
1 1105 125 1123 150
1 1110 147 1127 172
1 1170 142 1189 165
1 1208 152 1225 177
1 1203 178 1220 196
1 1195 188 1218 212
1 1199 208 1218 239
1 1143 153 1162 179
1 1137 185 1157 216
1 1161 213 1185 253
1 1173 248 1202 294