1 41 135 66 160
1 250 103 265 120
1 288 105 303 125
1 321 77 334 96
1 325 103 339 121
1 333 87 346 106
1 345 109 361 127
1 372 106 388 130
1 391 115 410 139
1 386 91 401 111
1 369 72 379 85
1 352 94 367 112
1 383 71 393 90
1 395 79 407 92
1 401 92 417 107
1 428 91 446 111
1 405 74 416 85
1 447 90 460 108
1 445 60 455 71
1 454 72 470 87
1 474 69 490 85
1 465 54 476 65
1 484 58 495 70
1 518 55 533 67
1 491 79 508 95
1 511 83 528 104
1 521 69 537 85
1 542 72 557 94
1 538 60 550 71
1 555 48 568 63
1 569 54 581 72
1 580 48 592 63
1 601 49 615 64
1 594 70 609 86
1 581 92 599 110
1 551 105 570 125
1 589 106 611 129
1 615 82 629 99
1 630 58 643 71
1 659 47 671 61
1 658 74 672 91
1 631 101 649 121
1 638 119 657 142
1 675 104 694 128
1 673 80 687 99
1 690 83 709 106
1 685 63 698 78
1 719 56 733 69
1 732 76 745 91
1 734 93 753 110
1 701 117 723 140
1 701 166 726 195
1 641 145 672 180
1 766 63 781 78
1 786 68 799 84
1 800 66 811 84
1 812 77 827 100
1 772 80 786 94
1 774 115 791 136
1 742 133 765 159
1 829 109 845 129
1 848 66 862 82
1 850 84 863 105
1 882 84 896 103
1 863 79 873 97
1 866 113 880 135
1 849 154 873 185
1 794 98 809 116
1 509 72 522 87
1 449 67 462 81
1 873 100 887 119
1 756 87 772 105
1 798 89 812 105
1 744 63 754 76
1 840 98 853 122
1 682 74 697 93