0 705 794 731 830
0 704 724 729 758
0 644 787 671 819
0 646 716 670 748
0 627 708 650 736
0 597 713 621 746
0 587 775 612 808
0 427 778 449 809
0 481 789 504 823
0 534 770 561 805
0 553 716 579 748
0 365 767 386 797
0 318 785 342 812
0 449 709 469 736
0 459 684 481 712
0 505 683 526 712
0 512 714 533 742
0 475 714 495 745
0 45 765 72 801
0 108 755 135 789
0 159 765 186 798
0 202 765 227 798
0 246 763 268 796
0 252 712 276 743
0 232 686 254 716
0 166 706 188 736
0 187 693 206 724
0 212 682 232 710
0 204 663 222 690
0 289 702 310 735
0 307 694 325 722
0 324 710 344 741
0 341 690 362 719
0 366 697 386 727
0 407 701 430 731
0 402 667 422 692
0 326 676 344 700
0 5 693 28 722
0 10 675 32 695
0 52 677 75 709
0 77 672 99 702
0 106 680 127 710
0 129 668 149 694
0 157 671 177 700
0 540 704 563 735
1 689 711 709 738
