1 114 167 150 204
1 192 97 204 112
1 206 96 220 111
1 203 114 219 130
1 252 101 266 118
1 267 91 281 104
1 268 110 284 125
1 309 98 326 115
1 335 89 352 106
1 323 71 335 85
1 317 64 329 77
1 300 72 310 84
1 292 68 305 81
1 268 74 279 84
1 337 62 347 75
1 337 55 345 65
1 343 69 356 85
1 352 77 366 91
1 372 79 387 96
1 357 63 367 75
1 361 54 372 64
1 371 61 382 75
1 394 65 408 79
1 399 45 409 58
1 422 64 436 79
1 424 52 435 64
1 424 41 434 52
1 440 51 453 65
1 445 38 454 51
1 466 39 475 49
1 470 46 478 54
1 467 52 477 65
1 466 62 480 76
1 479 65 493 82
1 484 40 494 53
1 505 45 514 57
1 408 98 428 120
1 354 115 371 137
1 381 124 403 144
1 452 113 475 137
1 443 96 463 114
1 452 78 466 94
1 476 81 494 99
1 499 91 517 110
1 512 103 536 129
1 480 125 507 154
1 527 140 549 173
1 578 161 606 193
1 564 102 585 129
1 549 82 566 101
1 524 76 540 94
1 506 65 521 81
1 498 60 509 71
1 536 43 548 54
1 540 51 557 68
1 556 46 567 58
1 567 51 582 68
1 587 55 603 70
1 585 88 603 113
1 561 79 576 97
1 598 74 613 93
1 601 54 611 66
1 606 50 619 61
1 620 65 634 82
1 626 55 636 67
1 629 51 637 60
1 644 64 660 80
1 656 55 665 68
1 673 57 687 69
1 640 81 651 99
1 631 103 648 124
1 618 111 634 136
1 642 149 670 179
1 668 103 685 121
1 665 76 677 92