1 62 255 117 312
1 264 168 286 187
1 288 154 305 176
1 310 147 327 169
1 324 159 345 183
1 348 163 370 187
1 330 130 345 148
1 359 128 377 146
1 340 142 362 161
1 390 132 409 153
1 388 117 408 133
1 428 132 451 152
1 440 153 465 178
1 424 100 440 116
1 441 109 459 126
1 465 124 488 149
1 488 132 511 161
1 509 118 527 140
1 488 110 509 132
1 468 99 486 117
1 471 84 489 99
1 498 85 516 101
1 508 95 524 113
1 510 77 525 94
1 529 93 548 115
1 567 108 588 133
1 570 90 590 109
1 557 77 567 92
1 566 80 579 93
1 586 60 600 77
1 586 77 603 93
1 607 91 625 111
1 619 83 636 104
1 625 70 639 86
1 626 58 643 73
1 652 76 668 98
1 645 63 658 77
1 658 59 670 75
1 677 63 693 78
1 694 71 712 89
1 733 54 750 76
1 742 75 760 96
1 721 84 739 109
1 684 98 705 126
1 506 166 533 197
1 577 168 605 199
1 581 139 611 164
1 638 145 661 170
1 637 119 657 145
1 629 192 658 225
1 699 184 734 227
1 693 142 720 173
1 736 119 758 149
1 700 116 722 142
1 789 132 815 161
1 748 162 778 192
1 819 156 848 194
1 788 104 809 130
1 769 89 788 112
1 763 65 783 89
1 789 78 806 99
1 801 91 820 113
1 792 61 809 77
1 806 71 822 91
1 815 70 829 88
1 837 73 857 94
1 858 70 871 89
1 878 75 898 97
1 869 89 888 113
1 843 97 868 122
1 896 102 915 126
1 900 84 917 105
1 911 84 929 103
1 921 74 935 89
1 945 74 962 91
1 941 93 956 111
1 930 103 950 129
1 919 124 940 149
1 974 110 998 133
1 981 88 997 108
1 974 160 1002 196