1 11 262 43 296
1 272 213 294 240
1 300 232 327 266
1 337 196 358 220
1 349 228 375 258
1 393 223 420 254
1 428 208 451 234
1 424 185 443 208
1 462 212 481 238
1 487 212 513 240
1 488 187 510 212
1 465 165 482 187
1 487 166 505 186
1 521 194 542 217
1 533 166 553 186
1 516 147 533 168
1 568 190 587 210
1 568 165 586 187
1 566 146 581 166
1 599 161 617 187
1 625 170 646 194
1 630 153 647 172
1 656 152 674 175
1 600 198 624 226
1 531 214 559 248
1 550 261 587 298
1 636 221 669 256
1 666 179 685 204
1 700 163 719 189
1 691 154 706 171
1 674 137 690 158
1 695 135 710 154
1 721 153 737 174
1 726 135 740 155
1 735 127 751 144
1 756 130 771 151
1 773 138 790 159
1 774 149 791 173
1 794 125 811 146
1 815 139 831 160
1 845 135 861 155
1 845 151 863 175
1 812 162 832 185
1 764 186 785 217
1 825 199 853 231
1 715 205 746 244
1 708 244 744 286
1 707 283 747 332
1 645 253 684 298
1 772 215 800 251
1 786 232 817 267
1 759 298 802 340
1 845 292 889 345
1 860 258 899 297
1 827 225 855 256
1 920 268 959 315
1 874 178 895 203
1 898 159 918 187
1 896 148 914 168
1 920 138 939 162
1 917 162 935 183
1 931 170 955 202
1 942 149 959 172
1 955 153 972 175
1 988 162 1009 188
1 985 193 1008 217
1 976 227 1006 261
1 1007 211 1032 238
1 1013 197 1032 220
1 1040 231 1068 268
1 1015 278 1050 319
1 998 327 1039 379
1 1091 296 1129 343
1 1076 218 1096 249
1 1072 195 1094 222
1 1032 175 1050 201
1 1019 158 1033 176
1 1037 166 1054 186
1 1056 149 1073 173
1 1080 175 1101 201
1 1098 199 1122 229
1 1118 218 1144 257
1 1127 195 1146 216
1 1133 176 1149 192