1 119 353 170 402
1 252 226 275 252
1 287 240 315 272
1 330 237 357 265
1 359 259 390 289
1 320 210 344 236
1 396 226 419 252
1 405 201 426 222
1 440 226 463 251
1 475 221 503 249
1 470 199 493 221
1 468 184 489 204
1 452 171 473 196
1 498 170 515 191
1 526 224 555 254
1 542 208 567 234
1 533 175 548 196
1 540 181 559 202
1 544 160 558 181
1 592 175 613 198
1 608 182 630 203
1 593 214 614 237
1 654 181 680 210
1 646 162 668 182
1 659 149 676 167
1 670 156 690 178
1 677 141 696 162
1 684 175 703 195
1 711 167 730 190
1 715 149 732 169
1 722 134 739 153
1 741 143 757 163
1 756 145 774 164
1 753 164 770 187
1 792 143 806 162
1 802 152 822 173
1 792 186 813 213
1 828 143 847 164
1 837 166 857 192
1 617 248 654 285
1 533 270 574 315
1 609 286 649 331
1 687 292 724 338
1 742 300 786 348
1 679 265 711 297
1 706 217 731 252
1 743 198 773 234
1 772 241 805 272
1 753 237 780 268
1 815 243 842 275
1 806 212 829 240
1 844 197 865 224
1 870 164 889 185
1 886 164 906 190
1 907 173 926 192
1 915 185 935 209
1 926 175 944 198
1 911 147 928 172
1 930 159 949 180
1 963 159 985 181
1 976 198 997 225
1 975 225 998 253
1 961 233 985 272
1 912 290 947 329
1 846 266 880 304
1 809 355 860 412
1 968 335 1009 388
1 1003 296 1045 343
1 1078 316 1126 363
1 1020 241 1051 283
1 1012 219 1034 246
1 1035 219 1059 249
1 1059 220 1079 252
1 1083 223 1104 253
1 1107 239 1131 274
1 1105 209 1126 235
1 1115 204 1131 224
1 1118 189 1138 209
1 1066 181 1084 205
1 1015 186 1035 212
1 1004 166 1022 189
1 1031 180 1047 204
1 1049 171 1067 196