1 356 79 372 98
1 354 137 372 159
1 377 216 421 262
1 411 179 443 222
1 457 158 484 197
1 473 150 492 176
1 299 256 347 287
1 245 163 276 192
1 289 147 312 169
1 305 141 321 164
1 315 131 331 148
1 276 135 294 153
1 290 131 303 148
1 239 142 260 164
1 255 140 275 160
1 252 126 270 142
1 214 131 232 147
1 225 122 240 139
1 206 118 221 134
1 189 125 207 140
1 195 139 215 159
1 183 155 209 182
1 163 132 185 154
1 193 88 204 101
1 147 125 167 147
1 121 147 151 176
1 136 176 174 221
1 104 164 138 196
1 97 154 122 176
1 103 124 125 146
1 129 125 150 149
1 113 115 128 131
1 104 110 120 127
1 83 113 103 133
1 60 113 78 132
1 63 150 93 188
1 48 191 86 238
1 37 145 67 175
1 27 135 50 158
1 33 120 51 136
1 21 114 37 131
1 1 147 24 182