1 1 107 16 130
1 16 111 39 140
1 1 138 43 186
1 56 118 86 153
1 62 189 119 261
1 120 144 153 185
1 203 174 253 227
1 67 100 82 121
1 90 103 111 125
1 114 96 129 118
1 142 112 164 135
1 148 99 168 120
1 195 122 219 150
1 190 107 208 129
1 233 105 253 125
1 271 137 302 171
1 262 121 284 150
1 276 103 291 126
1 285 113 303 134
1 333 114 347 137
1 339 137 363 169
1 366 129 389 154
1 354 111 370 130
1 382 110 397 126
1 402 118 422 142
1 412 112 429 130
1 410 158 453 206
1 455 141 483 171
1 447 117 464 135