1 64 220 100 254
1 106 221 141 253
1 126 188 154 222
1 159 228 192 267
1 178 177 208 211
1 210 210 243 244
1 231 182 260 217
1 64 345 105 387
1 167 269 197 304
1 157 345 195 389
1 235 354 269 402
1 272 359 305 403
1 235 262 272 303
1 264 222 291 255
1 284 198 309 230
1 310 222 336 253
1 326 243 361 280
1 287 262 316 299
1 317 191 347 223
1 342 177 371 208
1 400 247 437 287
1 401 204 437 240
1 411 147 446 185
1 376 341 409 381
1 403 332 439 381
1 453 198 482 230
1 474 164 503 198
1 493 177 524 210
1 501 339 539 385
1 534 264 570 306
1 548 195 579 235
1 548 156 577 190
1 591 174 620 209
1 605 202 636 241
1 558 316 597 366
1 648 322 692 369
1 663 195 692 230
1 645 163 672 195
1 670 165 695 199
1 693 166 714 199
1 686 220 720 264
1 725 328 763 375
1 777 315 818 366
1 726 197 764 238