1 37 333 121 435
1 40 267 126 336
1 11 238 71 303
1 21 188 63 242
1 1 178 36 225
1 35 130 72 169
1 2 116 24 143
1 142 128 179 161
1 189 227 244 303
1 246 154 284 208
1 236 121 271 156
1 360 128 398 173
1 311 190 356 234
1 285 254 341 332
1 310 300 403 422
1 458 270 521 347
1 405 222 456 287
1 448 170 495 232
1 429 110 457 147
1 385 101 413 140
1 450 102 471 131
1 478 104 503 142
1 499 86 525 115
1 497 130 535 177
1 538 143 585 202
1 525 75 546 103
1 613 80 641 108
1 657 77 682 109
1 670 94 697 128
1 702 78 726 117
1 673 135 717 193
1 644 116 675 155
1 602 135 636 170
1 579 184 623 245
1 545 212 599 294