1 186 177 234 221
1 317 100 334 121
1 312 121 331 142
1 352 103 368 123
1 753 62 767 78
1 781 67 795 85
1 687 59 701 72
1 828 78 846 95
1 637 52 652 71
1 625 48 637 62
1 579 50 589 62
1 420 86 439 108
1 871 80 885 100
1 901 83 920 101
1 940 91 958 108
1 461 68 473 88
1 495 61 506 73
1 537 58 552 77
1 440 113 458 132
1 395 109 412 126
1 495 107 515 126
1 592 69 608 86
1 557 75 572 95
1 534 93 554 116
1 508 75 524 91
1 485 90 500 104
1 450 87 468 107
1 715 68 732 87
1 763 92 778 113
1 697 79 712 101
1 637 74 653 93
1 658 58 674 78
1 667 53 685 69
1 632 100 653 123
1 522 141 545 168
1 573 143 597 168
1 578 120 603 151
1 615 148 640 181
1 658 112 680 141
1 659 82 677 108
1 664 149 688 173
1 674 166 705 206
1 738 213 770 248
1 730 111 748 138
1 742 84 756 103
1 799 89 818 119
1 780 139 803 169
1 819 182 846 220
1 810 126 832 157
1 824 102 847 135
1 859 83 874 105
1 864 105 883 132
1 864 131 884 164
1 881 107 895 134
1 895 162 915 191
1 924 142 950 175
1 440 72 451 85
1 600 51 614 67
1 585 86 604 106
1 692 105 716 128
1 884 90 902 110
1 754 72 768 91
1 788 79 806 103
1 934 102 951 125
1 843 93 861 120
1 482 73 497 88
1 529 76 549 95
1 923 127 947 153