1 795 205 840 273
1 804 152 829 184
1 930 203 969 259
1 1009 140 1042 180
1 931 169 955 204
1 912 127 928 152
1 922 104 935 124
1 958 104 973 124
1 943 130 959 153
1 942 144 961 177
1 753 75 768 95
1 741 114 760 141
1 684 115 702 140
1 644 118 668 148
1 676 55 687 69
1 641 56 650 70
1 599 59 609 71
1 613 61 631 83
1 549 78 563 99
1 572 90 591 115
1 428 83 439 98
1 461 77 474 95
1 489 75 503 94
1 503 83 518 103
1 483 97 497 117
1 459 108 477 132
1 423 110 442 134
1 401 104 418 126
1 347 110 364 136
1 373 120 391 144
1 396 130 414 155
1 258 111 278 141
1 204 121 224 150
1 103 225 157 289