1 43 245 94 307
1 55 222 83 249
1 1 227 27 271
1 19 211 36 228
1 11 198 24 211
1 1 201 14 213
1 1 192 14 204
1 21 193 33 206
1 19 189 26 198
1 37 190 47 199
1 41 193 53 203
1 48 202 61 217
1 56 187 66 197
1 69 204 80 215
1 75 199 85 210
1 68 194 75 202
1 73 185 84 197
1 88 189 99 201
1 82 222 109 255
1 120 228 146 258
1 122 215 141 230
1 142 206 157 222
1 144 193 154 205
1 164 213 181 230
1 166 196 178 209
1 182 209 206 233
1 174 227 205 264
1 172 259 219 307
1 191 280 295 332
1 280 234 326 294
1 244 226 283 276
1 243 215 263 241
1 245 203 264 221
1 223 204 239 221
1 214 197 226 206
1 220 160 229 168
1 372 266 450 332
1 372 218 421 272
1 349 202 369 225
1 314 223 341 261
1 286 223 312 246
1 267 213 284 232
1 289 204 303 222
1 305 209 317 224
1 317 211 331 226
1 400 197 419 220