1 10 110 48 148
1 89 113 114 144
1 156 102 176 130
1 195 102 215 124
1 226 100 240 120
1 237 103 247 118
1 261 101 276 121
1 253 100 263 114
1 298 103 311 121
1 341 64 364 92
1 379 65 399 95
1 395 77 413 98
1 367 125 405 159
1 374 153 412 186
1 351 179 386 212
1 41 63 61 79
1 41 77 52 88
1 35 88 49 100
1 9 80 24 93
1 1 87 13 104
1 7 61 20 76
1 25 63 36 72
1 69 67 79 74
1 69 80 80 90
1 74 77 81 85
1 69 58 79 68
1 92 66 101 76
1 113 80 123 92
1 97 86 109 98
1 94 97 105 112
1 140 74 156 92
1 127 83 138 91
1 126 61 137 72
1 111 72 117 79
1 166 71 172 80
1 202 67 214 81
1 240 83 251 95
1 220 77 231 90
1 218 67 226 75
1 246 71 252 82
1 236 75 242 84
1 279 75 289 86
1 265 78 273 87
1 257 83 264 91
1 289 78 299 87
1 321 80 328 89
1 307 79 314 88
1 313 99 320 110
1 301 96 308 103
1 175 79 186 90
1 179 68 185 77
1 186 64 192 72
1 195 66 200 74