1 32 263 121 360
1 5 239 51 297
1 53 210 92 247
1 23 183 53 216
1 64 140 99 173
1 120 196 158 236
1 144 223 199 282
1 117 132 156 168
1 178 173 202 197
1 224 175 247 197
1 233 121 249 143
1 253 184 273 208
1 269 174 291 199
1 321 180 343 205
1 318 210 351 241
1 267 267 345 339
1 310 165 333 196
1 311 131 328 153
1 337 138 352 158
1 360 183 386 211
1 346 161 367 183
1 382 163 399 185
1 386 138 406 160
1 413 178 434 201
1 385 200 419 238
1 417 168 428 184
1 434 164 448 182
1 441 173 459 193
1 470 128 509 165
1 455 207 490 258
1 528 186 555 214
1 539 174 556 194
1 554 174 573 198
1 534 219 593 288
1 587 220 631 266
1 566 190 603 229
1 619 196 649 231
1 622 162 642 188
1 633 173 651 197