1 167 252 219 304
1 270 150 285 165
1 284 151 298 169
1 337 137 354 158
1 352 142 367 158
1 368 146 386 164
1 380 163 399 186
1 413 163 432 189
1 346 120 359 134
1 360 118 374 136
1 374 128 390 144
1 419 121 437 141
1 404 108 417 123
1 384 106 397 123
1 436 106 450 123
1 472 106 487 122
1 494 126 514 150
1 477 123 494 141
1 487 84 500 96
1 516 71 526 85
1 503 96 521 111
1 541 100 556 118
1 558 112 577 136
1 549 89 561 103
1 585 91 598 106
1 602 82 614 93
1 616 90 632 107
1 646 81 661 97
1 636 75 647 91
1 602 63 616 77
1 649 63 660 75
1 635 65 647 75
1 679 75 691 91
1 689 64 701 78
1 719 65 735 84
1 531 167 556 194
1 578 164 604 193
1 581 137 604 162
1 634 195 666 225
1 660 135 680 160
1 716 140 739 166
1 760 165 782 190
1 811 152 833 181
1 901 169 921 198
1 694 110 711 128
1 700 100 715 114
1 735 81 747 94
1 756 84 767 97
1 761 93 778 113
1 740 109 758 126
1 755 122 774 143
1 777 110 793 131
1 807 127 825 148
1 818 111 833 135
1 819 89 832 105
1 798 74 815 94
1 772 63 785 77
1 813 63 828 79
1 831 74 843 89
1 849 93 863 111
1 890 114 904 137
1 892 84 905 99
1 911 80 925 102
1 942 92 957 114
1 975 139 992 167
1 961 123 977 142
1 980 125 999 146
1 894 107 917 130
1 894 147 918 175
1 948 84 964 103
1 657 110 679 136