1 140 214 179 257
1 235 102 249 118
1 286 80 303 99
1 311 80 329 98
1 266 95 284 111
1 268 109 281 129
1 304 91 320 110
1 348 67 360 84
1 393 64 405 80
1 369 64 382 86
1 376 69 389 87
1 442 49 454 61
1 418 61 431 72
1 426 61 438 77
1 347 86 367 107
1 362 92 374 107
1 339 123 356 149
1 355 101 368 121
1 391 83 405 95
1 414 84 432 101
1 444 80 458 93
1 454 65 469 81
1 462 53 472 66
1 495 52 508 63
1 466 77 481 94
1 486 67 502 83
1 528 45 544 58
1 502 62 522 85
1 500 80 514 96
1 538 64 552 81
1 522 97 543 118
1 524 73 539 95
1 521 59 539 81
1 579 45 591 61
1 571 66 588 87
1 573 83 589 103
1 548 102 574 136
1 605 77 620 95
1 609 43 621 55
1 622 48 635 62
1 630 40 645 55
1 614 93 632 113
1 612 112 630 136
1 621 138 649 170
1 653 59 666 78
1 644 80 659 92
1 672 60 683 71
1 652 104 669 126
1 686 50 697 64
1 672 82 690 103
1 674 106 694 127
1 698 56 710 73
1 703 73 718 86
1 718 58 729 70
1 731 55 741 70
1 714 90 730 105
1 707 127 730 151
1 756 66 769 85
1 734 88 753 107
1 752 95 771 115
1 742 110 760 133
1 781 73 796 96
1 817 66 827 76
1 819 83 829 99
1 804 99 818 118
1 816 164 841 192
1 835 115 851 134
1 842 103 860 120
1 839 91 855 113
1 849 78 869 104
1 472 66 485 81
1 657 174 683 205
1 555 60 568 75