1 69 247 120 305
1 260 161 280 180
1 305 145 322 166
1 316 144 334 171
1 324 167 346 191
1 346 120 361 139
1 371 120 386 143
1 394 145 416 170
1 387 127 404 148
1 388 120 403 136
1 407 110 426 128
1 435 96 452 114
1 437 122 456 148
1 467 88 480 107
1 479 79 490 94
1 482 90 496 112
1 463 109 478 129
1 469 121 485 142
1 458 142 479 170
1 495 106 512 128
1 499 93 515 113
1 502 82 515 98
1 517 75 528 89
1 534 93 552 110
1 528 104 545 125
1 547 74 562 90
1 565 75 580 93
1 594 62 609 79
1 633 53 647 70
1 656 57 665 73
1 662 56 675 78
1 679 54 693 70
1 661 74 677 94
1 604 87 621 110
1 622 71 635 89
1 627 65 639 80
1 587 88 603 107
1 617 84 632 103
1 553 116 574 139
1 531 121 553 150
1 516 153 545 185
1 564 168 593 206
1 598 131 618 160
1 641 136 665 166
1 666 99 688 129
1 640 178 669 212
1 696 136 721 166
1 691 127 710 146
1 719 60 733 79
1 743 52 756 71
1 703 90 721 113
1 734 96 751 117
1 736 76 753 96
1 750 77 762 96
1 780 70 795 86
1 775 84 790 106
1 789 100 807 122
1 734 119 759 148
1 797 123 818 153
1 716 179 746 217
1 764 173 790 204
1 830 158 855 196
1 854 126 875 156
1 800 95 818 117
1 793 79 807 95
1 797 60 812 75
1 816 71 830 90
1 832 64 845 84
1 849 70 862 89
1 869 69 883 84
1 847 93 865 117
1 865 89 881 111
1 885 75 900 94
1 897 100 915 126
1 905 87 921 108
1 918 81 934 99
1 920 66 934 85
1 955 68 966 87
1 954 88 967 105
1 946 94 960 116
1 936 110 953 130
1 929 125 947 148
1 980 154 1001 185
1 992 110 1008 133
1 976 99 992 121
1 987 85 999 104