1 153 132 172 156
1 176 120 195 138
1 283 114 296 132
1 295 112 312 132
1 347 99 361 119
1 359 107 371 126
1 368 105 384 121
1 381 114 400 139
1 419 115 436 141
1 453 109 476 140
1 432 81 450 97
1 461 100 484 127
1 441 64 455 82
1 472 56 487 75
1 454 63 465 75
1 493 70 503 84
1 506 68 516 82
1 504 85 519 99
1 530 89 546 108
1 529 70 540 83
1 528 44 541 58
1 550 61 564 79
1 565 54 575 70
1 589 62 602 75
1 568 82 580 97
1 588 53 600 65
1 607 61 619 79
1 607 50 617 63
1 618 45 635 66
1 637 59 649 76
1 669 46 684 66
1 487 107 506 126
1 600 105 621 129
1 589 138 612 165
1 646 176 673 213
1 675 100 692 122
1 686 116 710 143
1 699 151 722 179
1 744 115 764 136
1 722 104 741 125
1 709 73 724 90
1 739 73 751 91
1 761 68 773 84
1 781 77 796 96
1 774 112 788 132
1 784 134 803 157
1 745 207 773 237
1 781 197 807 229
1 799 215 824 253
1 801 166 822 196
1 836 140 854 166
1 851 119 867 142
1 886 154 905 179
1 909 115 924 135
1 401 82 415 96