1 195 263 241 317
1 200 135 222 162
1 285 121 312 152
1 301 120 331 156
1 371 103 403 137
1 350 136 371 161
1 398 111 415 132
1 454 98 486 135
1 484 102 497 119
1 474 115 489 136
1 511 82 527 100
1 528 94 558 126
1 535 84 551 102
1 557 85 571 100
1 569 79 585 100
1 589 73 604 92
1 553 136 572 155
1 548 99 565 122
1 620 77 638 96
1 658 74 677 93
1 685 80 704 101
1 719 75 735 94
1 638 108 658 131
1 591 99 612 116
1 582 159 607 195
1 640 153 662 177
1 658 166 690 200
1 712 179 741 210
1 721 114 746 144
1 758 108 779 130
1 757 127 781 153
1 810 117 831 142
1 823 140 846 169
1 851 96 870 121
1 903 115 924 146
1 921 82 939 108
1 954 98 971 119
1 1001 100 1019 124
1 979 127 997 155
1 1023 131 1042 163
1 1073 141 1094 171
1 1076 174 1098 205
1 1052 210 1082 245
1 1002 178 1025 202
1 979 188 1004 224
1 917 170 945 209
1 933 153 957 181
1 1028 291 1062 340
1 771 189 805 236
1 770 166 792 191
1 729 167 757 195