1 4 210 67 304
1 32 172 105 243
1 48 133 102 183
1 122 129 181 186
1 117 226 204 308
1 269 253 374 348
1 373 171 436 244
1 312 117 359 163
1 408 120 444 167
1 435 137 484 194
1 442 105 485 148
1 480 132 527 189
1 511 110 537 147
1 539 117 568 150
1 542 138 587 187
1 635 105 664 139
1 435 252 517 343
1 596 176 660 239
1 702 180 755 232
1 747 122 775 152
1 734 122 754 148
1 710 98 739 129
1 800 91 825 121
1 774 113 800 144
1 825 166 865 211
1 836 108 857 139
1 896 160 937 203
1 883 146 908 176
1 901 96 923 125
1 929 106 957 138
1 998 111 1025 140
1 994 167 1043 216
1 936 200 994 267
1 962 181 1004 222
1 803 239 878 328
1 1098 169 1136 221
1 1072 146 1102 182
1 1074 127 1097 155
1 1065 115 1088 141
1 1034 118 1061 151
1 1262 27 1339 115
1 1422 128 1449 158
1 2 356 119 542