1 104 178 122 197
1 197 246 247 303
1 247 209 282 259
1 200 129 223 152
1 360 146 380 174
1 380 146 398 168
1 444 154 463 181
1 435 124 454 143
1 468 125 487 143
1 492 110 508 126
1 469 101 486 122
1 484 100 497 114
1 480 84 490 97
1 490 84 503 95
1 497 87 512 103
1 506 71 519 87
1 532 89 548 112
1 551 75 569 91
1 579 81 597 99
1 613 79 628 98
1 590 57 603 71
1 556 109 576 129
1 488 176 517 211
1 685 131 705 159
1 710 88 729 108
1 744 78 761 98
1 770 87 783 103
1 776 77 794 97
1 791 56 804 72
1 850 66 864 85
1 831 102 851 125
1 790 94 806 117
1 744 156 768 189
1 791 168 817 196
1 915 118 934 146
1 1018 75 1035 104