1 167 303 221 368
1 255 224 278 248
1 293 227 315 257
1 328 242 352 272
1 335 196 357 223
1 383 233 410 270
1 415 216 434 237
1 411 193 434 213
1 448 222 472 248
1 476 217 502 247
1 477 199 496 220
1 473 184 491 203
1 465 170 483 191
1 499 174 516 193
1 523 171 540 195
1 509 202 535 230
1 549 198 570 221
1 548 228 580 256
1 592 208 612 234
1 553 178 573 197
1 543 161 559 180
1 549 155 569 176
1 587 174 607 197
1 607 184 627 207
1 636 163 655 183
1 648 185 670 211
1 685 171 704 191
1 678 164 694 183
1 673 145 688 162
1 712 147 730 166
1 732 161 746 177
1 726 135 740 153
1 745 146 762 161
1 759 164 775 180
1 800 152 818 169
1 792 140 808 159
1 689 148 702 165
1 585 244 621 286
1 633 263 666 302
1 695 245 726 283
1 701 213 730 243
1 717 274 758 323
1 749 302 794 347
1 783 243 814 272
1 763 229 791 256
1 747 203 772 230
1 794 183 817 209
1 838 164 859 189
1 814 150 832 171
1 847 198 869 225
1 815 230 843 263
1 873 267 905 305
1 821 326 875 383
1 947 326 988 365
1 867 163 885 186
1 890 171 910 195
1 910 185 931 210
1 890 146 907 166
1 931 156 951 176
1 932 174 952 196
1 964 159 986 185
1 973 201 997 224
1 1002 169 1022 192
1 1016 178 1034 200
1 1028 181 1043 200
1 1042 170 1058 191
1 1011 203 1034 228
1 1025 233 1054 272
1 963 231 990 266
1 932 275 963 314
1 1003 289 1041 336
1 1079 295 1115 339
1 1091 259 1114 293
1 1105 236 1127 262
1 1075 215 1096 245
1 1074 180 1096 207
1 1113 202 1134 223
1 1103 219 1127 243
1 1118 186 1137 207