1 86 369 198 456
1 223 353 300 429
1 316 307 398 383
1 219 443 351 560
1 230 570 394 734
1 366 405 437 497
1 417 365 483 444
1 477 401 568 503
1 507 349 582 437
1 581 348 636 421
1 630 401 705 496
1 574 497 679 614
1 728 440 810 534
1 736 354 805 435
1 714 277 761 327
1 657 252 708 310
1 599 235 646 288
1 581 223 624 273
1 492 134 551 214
1 775 258 821 319
1 798 298 845 347
1 794 325 856 381
1 808 369 884 462
1 907 408 992 485
1 889 345 956 422
1 873 261 929 325
1 973 282 1051 358
1 1084 258 1145 332
1 984 440 1098 548