1 193 172 236 212
1 293 117 311 135
1 302 103 317 122
1 337 102 354 118
1 394 83 405 97
1 410 89 421 105
1 390 111 409 130
1 427 84 442 107
1 438 79 453 101
1 452 63 465 76
1 455 81 473 101
1 472 66 483 82
1 439 112 461 128
1 505 65 520 82
1 511 58 529 72
1 529 64 547 83
1 556 29 567 43
1 537 94 554 111
1 543 69 562 87
1 562 67 582 91
1 567 53 580 70
1 521 95 543 108
1 584 58 597 69
1 603 85 624 100
1 633 56 649 62
1 601 65 621 83
1 611 52 636 72
1 625 73 640 88
1 656 54 670 69
1 671 58 691 72
1 459 169 484 192
1 540 149 564 175
1 641 92 657 111
1 597 139 624 173
1 545 126 569 148
1 601 118 625 142
1 653 107 669 126
1 642 145 667 167
1 668 160 696 198
1 695 117 719 140
1 736 64 751 76
1 704 84 722 102
1 714 73 738 89
1 745 91 760 109
1 749 71 763 89
1 735 134 758 159
1 759 106 775 130
1 784 95 803 116
1 779 126 802 149
1 759 179 791 223
1 818 185 843 216
1 872 200 900 235
1 819 89 838 111
1 846 77 860 97
1 844 100 867 123
1 843 147 869 174
1 854 116 871 135
1 808 124 830 144
1 883 83 896 98
1 903 92 926 110
1 908 103 922 122
1 885 119 901 139
1 877 166 919 191
1 853 95 871 116
1 796 86 813 108
1 768 94 783 114
1 679 85 698 103
1 737 73 749 94
1 558 84 577 100
1 472 84 498 104
1 493 64 512 81