1 36 103 77 142
1 10 102 33 139
1 8 290 47 352
1 104 170 129 198
1 123 166 143 188
1 160 188 194 222
1 186 181 211 211
1 199 167 220 186
1 223 187 247 207
1 229 173 247 191
1 204 199 232 230
1 199 231 230 266
1 232 243 280 292
1 297 180 316 202
1 311 185 331 208
1 316 199 336 225
1 346 211 373 243
1 342 188 362 218
1 291 326 363 406
1 602 276 673 348
1 506 249 550 301
1 474 243 512 277
1 400 219 435 255
1 445 166 460 181
1 464 163 477 177
1 471 159 481 174
1 486 165 501 181
1 532 170 544 181
1 537 162 551 177
1 560 161 571 177
1 579 163 590 175
1 593 168 602 180
1 625 124 643 145