1 6 146 74 212
1 15 129 52 161
1 30 122 52 144
1 37 110 61 137
1 83 111 107 143
1 98 118 144 169
1 112 106 129 124
1 96 100 114 119
1 141 65 155 83
1 150 110 176 140
1 162 109 178 127
1 137 96 152 114
1 173 99 189 113
1 199 102 219 124
1 190 123 221 152
1 181 144 234 201
1 242 101 266 133
1 259 106 290 134
1 259 128 295 170
1 310 156 365 220
1 303 115 323 136
1 359 124 388 158
1 356 102 373 122
1 373 107 389 126
1 391 99 406 118
1 402 106 430 129
1 422 161 489 226
1 441 113 470 142
1 475 112 501 142
1 502 113 531 149