1 157 261 201 302
1 261 148 275 166
1 282 153 298 168
1 307 145 322 161
1 305 165 323 189
1 365 149 383 166
1 386 153 403 174
1 407 162 426 185
1 336 126 352 140
1 362 118 375 130
1 374 126 393 142
1 413 122 433 143
1 456 126 474 149
1 498 128 520 148
1 518 111 534 127
1 499 104 512 122
1 454 106 472 124
1 424 105 442 122
1 401 102 421 121
1 469 85 481 100
1 482 88 497 102
1 515 85 529 101
1 505 74 517 87
1 547 89 564 104
1 550 112 567 134
1 577 88 591 107
1 597 89 616 107
1 580 68 593 83
1 616 71 627 84
1 652 78 665 94
1 628 76 640 92
1 644 68 656 79
1 676 73 687 89
1 703 66 715 83
1 547 162 575 194
1 599 120 619 146
1 603 159 627 187
1 629 179 657 208
1 653 131 675 157
1 661 109 679 128
1 701 99 715 116
1 708 117 725 139
1 697 145 721 174
1 749 160 771 184
1 743 126 764 152
1 738 100 753 120
1 726 86 740 102
1 748 86 763 101
1 767 93 782 109
1 780 82 795 97
1 771 69 786 84
1 775 111 794 130
1 806 125 827 153
1 812 105 832 128
1 806 89 822 103
1 813 66 822 80
1 825 76 843 95
1 849 98 867 121
1 873 119 891 140
1 914 124 930 149
1 892 106 907 125
1 878 81 894 99
1 910 84 928 103
1 812 159 836 191
1 877 188 902 216
1 992 142 1006 173
1 964 145 979 164
1 936 96 951 116
1 946 79 961 99
1 922 112 934 126