1 66 346 145 442
1 41 260 85 304
1 106 244 134 278
1 127 263 162 301
1 145 289 205 363
1 157 240 182 274
1 171 249 195 276
1 194 247 222 279
1 236 256 274 296
1 269 284 321 336
1 284 307 340 367
1 278 359 379 469
1 437 317 499 397
1 405 288 448 340
1 410 271 445 307
1 417 236 442 263
1 383 243 407 271
1 335 243 359 268
1 317 230 339 253
1 297 246 328 278
1 278 246 301 270
1 268 227 286 249
1 480 273 504 297
1 496 267 535 311
1 463 207 489 238
1 478 240 503 265
1 523 238 543 262
1 534 245 561 271
1 567 238 590 265
1 564 268 592 303
1 543 292 587 353
1 612 249 653 303
1 599 253 621 278
1 655 266 686 307
1 661 242 684 272
1 681 260 703 286
1 719 253 739 280
1 739 276 768 320
1 755 253 776 278
1 780 263 811 300
1 836 246 887 307