1 156 363 203 416
1 277 231 295 256
1 311 243 333 274
1 346 215 366 237
1 350 244 374 275
1 384 264 414 292
1 424 207 445 222
1 424 225 443 248
1 473 180 490 199
1 462 238 481 265
1 499 226 520 253
1 493 205 507 224
1 512 190 536 213
1 519 179 534 195
1 559 168 583 186
1 571 164 582 183
1 561 214 581 235
1 542 241 566 267
1 612 185 631 209
1 632 185 652 209
1 669 166 686 186
1 692 148 706 167
1 674 192 688 219
1 610 227 634 249
1 707 176 726 200
1 745 141 759 158
1 735 155 756 179
1 732 173 748 193
1 763 146 780 167
1 778 154 795 174
1 806 146 823 170
1 824 146 842 175
1 848 152 863 171
1 861 170 879 195
1 812 191 837 213
1 767 208 793 233
1 722 229 752 256
1 642 259 667 287
1 563 279 591 310
1 640 295 669 331
1 778 240 802 270
1 709 298 744 346
1 762 318 804 363
1 800 247 833 276
1 827 213 857 247
1 865 202 886 229
1 893 168 910 192
1 913 159 933 176
1 909 171 933 200
1 826 250 859 281
1 865 270 905 309
1 840 359 883 408
1 951 164 975 188
1 923 201 950 226
1 941 186 969 215
1 986 166 1003 186
1 987 183 1017 210
1 1034 174 1048 195
1 998 206 1021 229
1 987 238 1011 274
1 1037 241 1064 276
1 1068 178 1085 201
1 1040 186 1065 217
1 1089 189 1106 215
1 1132 205 1160 238
1 1141 194 1158 211
1 1093 237 1114 263
1 1105 234 1129 265
1 1104 322 1139 365
1 938 294 964 330
1 977 343 1020 391
1 1024 315 1056 351
1 1069 217 1099 252
1 1055 225 1075 258
1 1027 219 1053 255
1 556 187 575 207
1 1127 247 1158 277
1 706 278 742 311
1 700 149 714 162
1 996 230 1020 261