1 650 274 688 310
1 768 298 811 352
1 744 141 762 165
1 802 140 820 161
1 847 150 867 170
1 728 150 747 168
1 696 150 717 180
1 677 153 696 176
1 776 147 796 173
1 761 146 779 170
1 567 158 588 180
1 522 171 543 192
1 476 179 501 207
1 425 203 453 228
1 656 165 676 191
1 614 176 638 204
1 349 203 371 229
1 276 231 299 256
1 7 285 43 324
1 307 253 335 282
1 344 253 370 283
1 403 234 432 267
1 441 234 467 261
1 468 221 489 249
1 538 180 562 209
1 523 251 551 285
1 484 226 515 257
1 567 204 591 230
1 604 216 635 245
1 550 276 592 311
1 642 234 679 271
1 682 194 701 220
1 708 181 719 202
1 753 180 779 203
1 720 173 749 198
1 819 179 843 212
1 860 173 876 192
1 721 224 746 251
1 772 212 795 237
1 898 164 920 192
1 914 155 938 183
1 943 162 959 183
1 962 162 976 189
1 1023 172 1038 196
1 1056 167 1076 189
1 988 179 1008 206
1 1085 192 1107 227
1 880 195 902 215
1 1131 189 1152 213
1 1119 203 1144 228
1 992 206 1012 229
1 937 197 959 214
1 912 189 935 208
1 716 297 752 347
1 741 242 760 279
1 786 243 820 289
1 832 237 859 271
1 883 272 920 313
1 843 318 881 370
1 946 286 979 322
1 982 240 1011 286
1 986 350 1029 400
1 1014 316 1062 356
1 1031 228 1058 253
1 1056 224 1092 267
1 1038 249 1074 289
1 1101 310 1132 350
1 1138 243 1163 277
1 492 205 512 229
1 563 182 592 206
1 630 186 652 216
1 631 173 648 189
1 770 168 789 191
1 817 153 834 176
1 1037 190 1058 221
1 1070 209 1088 238
1 1111 220 1134 252