1 39 132 56 149
1 65 141 81 159
1 85 147 99 163
1 84 122 97 140
1 98 141 115 158
1 112 153 127 173
1 112 129 122 141
1 138 128 150 143
1 134 150 148 162
1 129 166 145 185
1 151 165 165 180
1 151 145 163 160
1 160 122 172 138
1 166 150 178 165
1 174 169 189 189
1 185 158 201 175
1 197 134 211 151
1 188 114 200 133
1 217 126 228 141
1 211 155 228 172
1 215 190 231 205
1 260 162 273 175
1 250 173 265 189
1 278 170 292 187
1 318 169 335 186
1 304 135 317 152
1 320 126 336 140
1 273 126 286 140
1 263 138 276 156
1 245 130 257 147
1 237 139 250 156
1 230 125 240 138