1 1068 104 1084 125
1 1055 118 1073 145
1 1028 137 1049 169
1 1083 135 1110 171
1 1115 114 1134 139
1 995 107 1021 137
1 1050 190 1078 234
1 1150 148 1171 186
1 1133 191 1156 224
1 1084 233 1123 279
1 1006 204 1047 260
1 949 178 977 215
1 901 91 920 119
1 947 101 966 126
1 878 143 902 178
1 842 148 866 184
1 811 131 835 163
1 730 99 751 128
1 750 64 762 80
1 760 150 783 186
1 695 159 724 189
1 636 116 654 144
1 567 137 587 161
1 582 138 605 165
1 418 148 434 169
1 476 145 495 172
1 494 147 514 172
1 499 133 520 153
1 210 318 258 369