1 78 296 134 362
1 247 145 269 169
1 253 154 280 181
1 315 129 337 155
1 354 113 377 135
1 349 129 373 155
1 386 122 408 150
1 399 124 419 149
1 419 145 445 176
1 421 108 444 130
1 465 129 487 153
1 458 102 480 125
1 494 95 514 113
1 509 103 528 124
1 514 163 537 186
1 559 128 583 154
1 561 94 581 115
1 588 111 607 131
1 582 80 600 100
1 540 89 557 104
1 616 84 638 113
1 632 86 649 105
1 631 122 651 150
1 663 71 680 93
1 669 80 686 99
1 688 70 707 90
1 716 66 734 84
1 726 80 743 97
1 733 96 750 116
1 725 114 747 140
1 698 120 714 135
1 697 92 716 113
1 760 64 777 84
1 791 69 811 92
1 791 93 809 115
1 833 72 849 91
1 827 79 846 104
1 855 81 872 104
1 930 96 948 115
1 919 106 935 128
1 939 108 958 133
1 982 100 999 125
1 992 123 1012 145
1 1007 114 1026 136
1 894 122 918 149
1 835 114 856 140
1 787 131 814 164
1 728 153 758 188
1 685 180 711 214
1 719 210 750 244
1 786 213 818 251
1 871 218 903 253
1 861 152 887 179
1 902 165 928 188
1 960 136 982 163
1 963 169 992 199
1 1051 127 1069 149
1 1067 131 1082 149
1 1091 126 1111 145
1 1095 142 1115 165
1 1130 145 1149 167
1 1158 136 1178 158
1 1195 141 1210 165
1 1057 161 1080 188
1 1080 161 1099 183
1 1125 180 1148 208
1 1186 171 1206 200
1 1184 199 1206 232
1 1155 209 1178 235
1 1036 194 1063 229
1 1066 228 1093 265
1 1156 241 1184 276
1 950 251 989 298
1 1038 291 1076 333