1 201 177 248 234
1 292 113 311 136
1 326 126 344 149
1 336 116 352 132
1 336 91 353 110
1 356 100 375 121
1 379 102 397 123
1 368 131 384 154
1 387 132 410 156
1 412 128 436 157
1 407 99 424 123
1 455 108 477 132
1 430 88 448 107
1 433 75 447 90
1 451 84 470 103
1 486 94 504 115
1 488 117 507 140
1 475 111 492 132
1 472 78 486 95
1 481 71 496 89
1 501 71 516 87
1 520 99 539 119
1 538 82 555 102
1 532 68 545 89
1 520 62 530 78
1 511 82 525 99
1 567 97 584 116
1 559 78 575 94
1 555 57 573 79
1 586 66 600 84
1 593 59 605 74
1 600 71 615 90
1 598 88 615 109
1 614 65 632 82
1 626 58 640 75
1 646 58 661 79
1 637 61 650 78
1 633 82 649 100
1 673 63 689 82
1 683 52 694 66
1 690 60 702 76
1 706 60 717 74
1 719 51 734 69
1 495 143 523 180
1 533 175 568 207
1 572 128 598 157
1 622 131 649 165
1 610 175 639 212
1 700 162 732 198
1 681 124 707 157
1 642 115 663 142
1 679 92 701 116
1 713 95 732 114
1 724 82 741 100
1 732 113 754 138
1 756 98 778 124
1 765 84 779 103
1 766 71 779 87
1 783 76 799 97
1 809 84 827 103
1 808 70 822 89
1 803 111 827 138
1 782 120 808 147
1 796 156 825 191
1 742 149 767 188
1 762 191 794 233
1 817 222 854 264
1 830 126 853 159
1 851 168 878 203
1 906 225 950 270
1 928 179 956 215
1 890 134 909 157
1 897 125 919 150
1 942 149 961 176
1 952 109 971 135