1 2 1355 139 1542
1 146 1335 342 1618
1 306 1428 496 1618
1 436 1368 549 1468
1 402 1292 489 1402
1 676 1328 789 1438
1 786 1205 862 1295
1 842 1372 969 1535
1 949 1248 1036 1342
1 1216 1338 1369 1512
1 1142 1225 1239 1332
1 1482 1392 1606 1515
1 1362 1445 1476 1578
1 1009 1432 1139 1602
1 1382 1222 1466 1322
1 942 1798 1209 2132
1 1699 2075 2062 2442
1 2252 1828 2448 2097
1 1849 1625 2086 1908
1 1622 1538 1802 1745
1 1899 1275 2016 1392
1 2142 1372 2259 1525
1 1986 1538 2109 1685
1 2059 1555 2232 1765
1 2276 1432 2346 1538