1 89 223 126 265
1 351 297 382 332
1 367 309 396 345
1 382 314 414 356
1 433 299 458 330
1 444 317 473 358
1 460 294 479 324
1 476 293 496 325
1 492 296 511 325
1 503 324 535 370
1 523 317 558 370
1 564 306 593 348
1 600 307 637 353
1 648 301 703 358
1 713 281 759 328
1 757 290 797 352
1 725 261 749 286
1 752 244 778 271
1 773 249 795 279
1 678 254 700 281
1 670 276 693 304
1 627 284 657 316
1 612 290 634 318
1 582 276 606 304
1 564 279 594 313
1 548 285 570 315
1 521 291 548 322
1 511 291 530 326