1 199 197 234 254
1 364 98 378 117
1 417 125 438 149
1 469 131 488 149
1 453 120 471 139
1 505 124 524 147
1 522 97 535 112
1 549 116 572 136
1 478 97 492 119
1 452 92 471 113
1 421 95 443 110
1 499 75 512 89
1 521 72 538 89
1 562 53 571 71
1 575 71 588 83
1 567 84 583 107
1 626 86 645 104
1 610 64 624 84
1 604 88 618 108
1 632 65 648 83
1 643 50 658 62
1 709 56 723 72
1 727 67 741 81
1 749 64 763 75
1 748 100 769 120
1 667 123 688 140
1 626 137 638 156
1 642 141 670 163
1 643 169 675 201
1 735 178 762 211
1 768 156 795 192
1 804 131 822 158
1 779 105 798 120
1 775 73 791 94
1 818 83 831 103
1 829 70 845 85
1 850 83 861 99
1 832 103 847 119
1 891 83 903 100
1 903 38 920 52
1 928 92 946 107
1 921 105 938 119
1 958 102 979 123
1 998 86 1013 101
1 1008 104 1023 126
1 997 127 1013 152
1 983 158 1004 180
1 925 146 943 173
1 951 133 971 159
1 893 164 915 191
1 912 191 933 222
1 690 69 705 85
1 666 66 679 87
1 792 128 810 146
1 838 137 858 155
1 886 136 912 162
1 881 97 900 118
1 740 88 757 109
1 688 112 710 128
1 535 102 553 125
1 499 87 514 108
1 428 83 447 101