1 182 249 233 314
1 246 233 294 295
1 325 158 348 185
1 385 144 406 170
1 432 133 453 156
1 445 157 471 180
1 463 127 487 153
1 473 104 492 130
1 498 109 518 133
1 481 46 500 64
1 487 85 504 104
1 500 86 515 105
1 550 89 569 108
1 562 75 579 96
1 580 83 599 105
1 607 82 627 107
1 566 112 585 133
1 494 180 527 217
1 687 143 718 175
1 751 154 781 192
1 728 81 751 107
1 762 70 780 90
1 770 85 789 106
1 789 66 805 89
1 804 87 826 114
1 818 146 849 180
1 845 104 869 130
1 918 118 941 146
1 864 71 879 91