1 19 190 127 287
1 58 166 118 214
1 1 155 35 208
1 6 136 40 172
1 29 127 55 157
1 47 130 73 165
1 50 118 75 141
1 77 147 109 183
1 113 148 143 181
1 108 137 129 158
1 125 129 153 158
1 150 134 170 159
1 165 137 190 161
1 194 146 221 171
1 175 187 237 257
1 261 179 314 242
1 224 161 250 192
1 247 156 267 177
1 222 136 241 158
1 238 136 251 154
1 252 139 264 154
1 258 148 271 165
1 268 157 286 177
1 295 148 310 164
1 281 140 298 160
1 293 173 321 200
1 312 160 331 186
1 328 146 341 161
1 339 148 353 168
1 351 154 367 172
1 337 168 357 191
1 360 161 384 195
1 374 187 390 207
1 380 156 392 173
1 392 157 402 172
1 402 159 420 181
1 414 159 428 179
1 437 176 465 209
1 475 181 501 209
1 462 164 482 190
1 478 161 493 175
1 449 161 462 180
1 438 162 450 177
1 429 155 436 168
1 593 130 612 154