1 85 299 151 367
1 237 161 264 191
1 262 151 289 180
1 334 128 360 156
1 385 126 410 153
1 405 121 430 153
1 400 103 421 127
1 436 113 460 138
1 452 106 474 127
1 460 139 485 170
1 488 123 508 149
1 514 92 532 114
1 534 87 551 106
1 547 99 566 124
1 567 85 590 110
1 584 70 600 91
1 597 87 618 115
1 616 76 635 99
1 622 108 642 130
1 586 130 612 163
1 542 161 574 194
1 683 119 704 147
1 656 82 677 105
1 691 82 710 105
1 693 69 712 89
1 728 67 747 89
1 747 62 768 85
1 724 105 745 130
1 726 89 743 110
1 754 97 772 120
1 776 101 798 126
1 768 80 788 102
1 774 63 795 88
1 806 71 824 94
1 822 74 843 100
1 818 95 837 118
1 855 81 878 108
1 863 65 885 91
1 893 76 910 99
1 880 112 902 137
1 710 179 744 217
1 752 165 785 200
1 755 201 791 244
1 813 217 851 263
1 832 120 862 152
1 896 138 927 172
1 920 110 941 140
1 940 121 966 148
1 952 104 971 126
1 968 95 985 116
1 1014 97 1034 126
1 1041 112 1062 138
1 1020 131 1041 158
1 991 136 1017 166
1 955 153 981 182
1 1018 158 1045 196
1 899 218 935 259
1 989 253 1041 301
1 1090 227 1128 272
1 1076 185 1103 217
1 1064 283 1104 334
1 1091 125 1109 148
1 1102 118 1118 137
1 1127 128 1147 149
1 1121 153 1148 187
1 1164 144 1182 173
1 1153 176 1174 208
1 1181 203 1205 242
1 1182 249 1215 293
1 1218 203 1241 237
1 1219 180 1239 207
1 1218 161 1238 185
1 1230 151 1246 171
1 1189 131 1207 156