1 87 189 135 238
1 315 121 334 144
1 331 102 350 121
1 354 102 369 122
1 415 106 433 126
1 425 92 440 106
1 449 109 467 131
1 473 124 495 146
1 529 147 548 172
1 483 95 497 114
1 461 78 470 93
1 474 69 483 79
1 476 80 486 93
1 499 82 510 94
1 530 82 549 100
1 509 72 521 83
1 541 62 553 73
1 559 63 569 73
1 593 57 605 73
1 589 88 604 108
1 609 57 623 76
1 645 59 658 77
1 672 58 686 68
1 643 81 657 93
1 634 110 651 131
1 587 123 605 145
1 554 95 571 116
1 586 151 607 176
1 623 155 643 183
1 644 133 658 152
1 681 138 700 160
1 678 112 692 136
1 673 91 689 108
1 698 65 707 79
1 713 105 726 123
1 728 118 742 140
1 747 89 764 104
1 768 77 782 92
1 760 63 773 77
1 792 74 805 90
1 782 97 797 118
1 801 109 815 129
1 856 79 867 93
1 846 94 859 111
1 841 116 858 137
1 864 97 877 118
1 894 76 907 95
1 921 95 935 113
1 935 85 945 105
1 946 123 960 147
1 893 107 908 124
1 906 131 917 152
1 937 133 951 154
1 947 163 965 188
1 917 166 938 199
1 865 160 883 188
1 834 198 857 230
1 726 194 757 231
1 687 162 717 196
1 815 162 835 192
1 903 227 929 267
1 820 146 837 164
1 711 87 728 107
1 825 90 842 115
1 686 61 699 79
1 708 65 720 81
1 673 67 686 81
1 566 78 582 100
1 540 73 554 88
1 571 71 585 89
1 598 78 615 100
1 418 84 431 100
1 869 155 889 182
1 946 109 964 133
1 956 99 969 118