1 197 265 235 311
1 257 155 274 172
1 280 160 294 175
1 303 156 321 173
1 303 177 327 199
1 321 135 337 150
1 365 123 382 141
1 370 131 387 149
1 381 163 405 185
1 415 148 439 175
1 386 110 401 126
1 403 107 418 123
1 401 126 418 143
1 432 112 448 131
1 453 134 471 156
1 475 109 490 128
1 464 98 479 115
1 494 129 515 154
1 486 84 498 98
1 506 80 519 91
1 503 91 515 105
1 512 110 529 129
1 544 114 562 131
1 563 94 581 114
1 514 86 528 99
1 600 97 617 119
1 592 84 606 99
1 597 67 609 81
1 628 69 640 82
1 629 82 644 99
1 651 67 665 83
1 653 78 668 95
1 667 76 686 93
1 715 66 728 81
1 585 131 608 162
1 602 159 630 190
1 532 170 559 202
1 657 167 686 200
1 633 136 661 168
1 675 113 691 134
1 706 116 725 136
1 727 84 744 105
1 751 84 765 103
1 758 99 774 119
1 771 110 790 134
1 744 130 764 152
1 710 146 734 176
1 755 152 780 181
1 798 130 822 155
1 818 112 837 137
1 818 91 835 110
1 799 79 814 99
1 813 74 828 90
1 780 67 794 82
1 835 87 847 100
1 847 97 862 114
1 884 87 897 102
1 898 93 913 110
1 895 108 911 127
1 885 122 905 147
1 948 91 962 109
1 942 110 958 128
1 974 137 993 157
1 974 151 996 176
1 884 156 912 185
1 884 186 913 220
1 810 164 842 195