1 460 184 495 218
1 335 235 356 259
1 301 246 322 269
1 264 251 289 277
1 219 250 249 274
1 228 233 251 255
1 248 231 265 253
1 277 235 295 254
1 304 231 324 247
1 328 228 342 246
1 349 226 363 241
1 310 216 323 230
1 301 202 313 216
1 281 217 296 234
1 253 218 268 233
1 254 202 267 216
1 269 199 278 214
1 229 219 245 235
1 199 221 216 239
1 164 231 188 253
1 117 229 144 259
1 66 223 89 247
1 39 236 69 269
1 3 217 24 244
1 10 192 31 212
1 47 200 66 222
1 84 203 106 222
1 119 217 140 238
1 157 217 175 236
1 184 204 199 222
1 210 205 224 221
1 226 197 236 211
1 232 192 243 205
1 240 199 250 212
1 216 190 226 203
1 203 198 212 208
1 174 195 186 209
1 174 186 183 196
1 169 183 178 193
1 162 176 170 186
1 184 183 195 195
1 193 187 203 197
1 150 195 163 209
1 145 188 156 199
1 144 177 156 188
1 118 203 138 218
1 117 196 130 210
1 120 189 131 199
1 123 178 134 189
1 129 165 141 178
1 108 156 117 165
1 84 189 100 204
1 95 178 105 190
1 103 175 111 185
1 105 163 110 171
1 99 155 106 163
1 89 159 98 168
1 81 167 90 176
1 75 171 86 183
1 64 176 75 189
1 57 186 69 199
1 38 191 54 208
1 19 183 32 196
1 34 176 45 189
1 40 169 50 181
1 54 164 64 175
1 64 157 73 168
1 72 152 81 161
1 50 151 61 160
1 36 155 44 166
1 24 166 38 177
1 1 174 11 189
1 1 199 10 222
1 1 157 10 170
1 9 152 20 165
1 22 145 32 157
1 1 144 10 155