1 163 282 188 309
1 165 302 186 328
1 179 312 204 341
1 201 310 240 348
1 235 342 287 395
1 281 373 349 453
1 308 315 348 357
1 261 303 293 336
1 243 307 267 336
1 223 291 245 318
1 382 348 428 400
1 450 335 507 394
1 378 282 406 314
1 366 281 386 307
1 341 288 364 312
1 407 282 424 303
1 438 285 459 310
1 448 288 475 321
1 497 293 528 331
1 492 276 513 301
1 525 271 546 291
1 547 282 574 311
1 575 276 592 300
1 587 270 603 292
1 601 273 628 301
1 617 281 644 309
1 630 269 655 296
1 560 326 614 383
1 696 322 769 395
1 681 297 710 331
1 695 276 724 310
1 724 281 773 334
1 722 260 742 279
1 752 259 775 277
1 775 251 792 274
1 778 278 800 310
1 546 218 563 232