1 259 135 275 153
1 275 101 293 119
1 327 140 346 159
1 329 126 346 141
1 360 115 380 134
1 362 130 382 150
1 373 147 395 170
1 343 154 361 172
1 400 158 429 189
1 415 118 434 143
1 398 107 415 126
1 383 102 396 120
1 433 117 452 134
1 448 100 465 121
1 464 103 482 123
1 480 121 505 157
1 505 74 519 88
1 518 83 531 100
1 498 106 520 126
1 532 103 551 125
1 551 110 572 135
1 557 81 573 103
1 580 86 597 106
1 612 88 629 108
1 595 66 608 83
1 605 32 618 44
1 626 77 640 94
1 642 80 657 96
1 675 73 689 88
1 647 70 662 85
1 686 63 698 81
1 718 64 732 81
1 743 31 760 54
1 750 83 766 102
1 773 66 789 85
1 740 100 759 121
1 731 83 747 101
1 700 111 722 137
1 665 111 688 141
1 598 152 630 188
1 496 187 528 215
1 638 181 673 215
1 635 158 658 184
1 693 143 726 182
1 754 160 783 193
1 749 144 776 170
1 785 104 807 129
1 808 118 833 145
1 786 91 801 109
1 806 73 824 93
1 827 85 841 101
1 842 92 862 115
1 880 81 896 98
1 888 95 902 113
1 879 117 900 142
1 856 132 878 165
1 796 182 825 211
1 888 164 914 203
1 888 148 913 174
1 965 159 988 189
1 956 125 980 152
1 938 106 954 129
1 933 87 949 108