1 144 174 190 225
1 233 107 251 126
1 298 115 316 138
1 362 111 381 133
1 388 118 409 140
1 382 100 399 120
1 348 90 365 110
1 331 90 344 107
1 339 80 355 99
1 366 75 378 90
1 389 78 403 96
1 395 66 406 78
1 418 63 430 75
1 433 70 444 84
1 424 84 438 99
1 417 95 433 117
1 444 94 462 118
1 468 83 484 104
1 481 75 495 92
1 499 82 516 100
1 459 61 470 78
1 448 60 458 71
1 471 58 483 70
1 482 62 495 75
1 493 67 503 77
1 511 63 522 75
1 519 53 530 65
1 540 75 554 92
1 538 60 552 74
1 541 48 552 63
1 579 17 590 32
1 557 60 568 78
1 563 53 572 67
1 571 53 578 64
1 571 65 583 79
1 596 45 605 58
1 599 52 610 65
1 612 48 624 62
1 623 52 633 67
1 662 19 676 37
1 506 113 525 136
1 560 113 582 142
1 572 89 590 111
1 595 88 610 106
1 600 117 622 143
1 643 107 662 132
1 663 119 687 149
1 685 123 703 147
1 629 72 643 89
1 640 82 658 102
1 658 63 673 78
1 663 89 677 105
1 672 95 692 117
1 707 98 725 120
1 704 127 732 158
1 757 145 779 180
1 776 130 798 159
1 817 163 838 197
1 839 124 858 154
1 827 113 845 140
1 840 105 853 124
1 851 98 863 115
1 838 86 853 106
1 859 75 872 93
1 814 82 828 100
1 822 70 836 87
1 789 74 801 90
1 780 85 795 104
1 798 106 815 125
1 755 107 772 130
1 762 90 777 109
1 760 77 773 95
1 755 74 766 90
1 763 65 777 83
1 738 59 753 77
1 711 70 723 88
1 714 57 726 72
1 704 67 715 80
1 685 60 697 75
1 671 60 685 76