1 80 171 104 196
1 136 202 181 249
1 261 146 279 164
1 277 144 295 166
1 350 135 371 159
1 391 144 412 168
1 372 105 388 124
1 399 123 417 143
1 404 105 415 121
1 413 112 426 126
1 413 97 426 112
1 440 122 459 145
1 439 110 458 130
1 455 83 471 99
1 474 87 491 110
1 496 105 514 126
1 488 99 503 116
1 510 85 523 100
1 528 90 545 107
1 531 103 550 127
1 526 71 540 87
1 538 72 554 92
1 555 89 573 108
1 574 73 589 90
1 568 57 581 74
1 559 40 575 53
1 604 37 615 50
1 592 88 609 108
1 592 76 606 90
1 599 66 610 78
1 609 58 620 72
1 631 54 642 69
1 658 54 669 69
1 659 70 673 86
1 666 62 679 80
1 678 57 689 72
1 716 54 731 70
1 622 78 640 101
1 504 158 529 194
1 518 176 544 208
1 560 141 586 169
1 613 116 634 139
1 614 143 637 174
1 623 158 652 188
1 674 164 711 205
1 667 116 688 141
1 699 98 721 122
1 754 174 791 219
1 796 217 837 264
1 757 121 779 150
1 757 95 778 122
1 790 104 812 128
1 794 84 813 105
1 818 68 834 90
1 838 77 854 96
1 847 73 863 91
1 861 70 876 93
1 883 70 899 89
1 873 83 890 104
1 884 104 903 127
1 898 98 918 125
1 837 108 862 134
1 806 154 831 186
1 776 148 801 181
1 839 169 868 205
1 819 143 844 171
1 923 227 963 273
1 911 168 944 208
1 881 147 902 172
1 935 150 956 178
1 940 131 963 154
1 940 104 962 130
1 945 85 963 105
1 921 80 935 95
1 979 63 991 81