1 118 321 173 394
1 260 239 284 262
1 300 242 331 272
1 343 246 374 278
1 345 199 363 226
1 404 228 433 262
1 425 218 444 242
1 433 196 452 218
1 464 225 484 249
1 502 223 525 250
1 538 225 562 258
1 530 203 553 228
1 492 197 510 219
1 476 169 494 190
1 501 171 520 192
1 544 173 560 193
1 556 165 570 186
1 571 177 591 199
1 565 205 587 234
1 612 205 633 231
1 627 194 648 220
1 600 176 618 199
1 571 160 589 175
1 627 169 643 189
1 659 165 676 186
1 672 177 693 205
1 696 168 716 193
1 667 149 685 170
1 696 144 714 162
1 706 156 724 177
1 728 163 743 185
1 729 148 744 167
1 744 133 759 154
1 764 138 780 158
1 775 149 791 174
1 765 169 784 193
1 806 144 822 163
1 820 151 837 173
1 833 148 848 171
1 602 247 636 287
1 655 266 692 302
1 644 245 672 280
1 720 209 749 246
1 735 278 777 324
1 731 248 767 286
1 798 285 840 333
1 788 239 823 281
1 779 218 807 250
1 764 194 787 221
1 820 177 839 200
1 833 239 862 269
1 858 304 902 362
1 883 256 917 298
1 934 291 972 331
1 987 327 1027 373
1 1013 289 1050 329
1 1037 274 1070 307
1 1094 306 1134 347
1 1094 256 1120 293
1 1054 247 1083 279
1 1074 210 1097 241
1 1107 229 1129 260
1 1121 217 1141 248
1 1139 208 1154 230
1 1129 184 1146 207
1 1090 191 1107 217
1 1059 172 1076 194
1 1043 173 1063 198
1 1047 188 1066 212
1 1031 201 1052 228
1 996 230 1025 261
1 947 243 979 285
1 983 196 1008 226
1 991 179 1013 201
1 1016 174 1035 200
1 983 160 1000 182
1 947 163 967 183
1 929 189 952 217
1 932 171 954 196
1 893 175 912 201
1 902 161 919 183
1 911 151 929 172
1 856 162 874 185
1 878 188 897 218
1 828 217 857 241