1 183 321 242 376
1 1123 89 1143 114
1 802 62 824 83
1 821 67 843 89
1 861 70 880 90
1 927 76 946 98
1 986 73 1005 99
1 1006 80 1021 102
1 1043 81 1064 105
1 1084 92 1099 112
1 1033 93 1056 114
1 699 80 720 98
1 717 86 744 108
1 896 87 918 110
1 775 77 793 99
1 800 90 820 111
1 917 99 940 121
1 949 96 968 124
1 971 99 990 123
1 1002 111 1021 133
1 1021 109 1042 136
1 1055 108 1086 139
1 1108 129 1131 150
1 1133 148 1153 173
1 1073 143 1096 173
1 1023 152 1049 183
1 899 123 928 149
1 948 146 977 179
1 848 124 874 146
1 609 88 627 106
1 627 90 646 108
1 658 91 678 111
1 749 93 773 120
1 690 99 714 121
1 720 112 741 131
1 552 103 569 123
1 578 101 596 123
1 618 124 643 152
1 661 121 690 151
1 756 148 785 180
1 507 131 524 155
1 555 128 572 151
1 611 149 639 179
1 681 158 714 193
1 758 178 784 208
1 820 170 847 207
1 929 160 959 194
1 858 152 886 184
1 955 201 986 236
1 1008 174 1037 202
1 1033 199 1073 240
1 1122 234 1145 271
1 1068 168 1098 205
1 1136 197 1166 228
1 1031 230 1067 276
1 1074 281 1124 345
1 745 216 788 258
1 657 187 689 224
1 546 152 568 173
1 416 146 440 174
1 435 146 458 173
1 380 158 402 183
1 352 182 375 208
1 400 196 427 224
1 436 202 461 226
1 515 174 543 199
1 1171 114 1188 137
1 1150 144 1168 165
1 823 87 848 109
1 490 160 513 183
1 459 155 481 184
1 561 114 573 136
1 817 141 844 170
1 728 75 743 93