1 17 266 49 302
1 278 224 300 247
1 312 225 339 256
1 344 237 372 267
1 349 199 368 224
1 404 238 433 268
1 433 191 449 212
1 458 230 480 257
1 450 213 471 236
1 497 224 520 250
1 533 219 563 254
1 531 201 558 228
1 520 185 542 209
1 496 192 516 217
1 488 181 505 200
1 472 169 489 189
1 569 198 594 224
1 558 159 574 180
1 570 155 592 178
1 603 173 625 194
1 620 181 646 207
1 630 163 646 180
1 649 174 669 196
1 674 185 697 212
1 669 147 687 164
1 685 169 704 187
1 699 159 715 176
1 693 144 708 161
1 732 158 751 181
1 734 144 751 164
1 743 130 761 150
1 764 141 779 159
1 776 150 793 168
1 785 161 802 182
1 794 153 813 172
1 800 139 815 159
1 816 146 832 168
1 832 150 851 168
1 604 248 636 291
1 625 214 653 242
1 652 264 690 302
1 645 245 681 276
1 719 209 752 243
1 727 246 762 280
1 733 278 774 318
1 800 290 845 340
1 848 314 899 372
1 786 216 812 246
1 767 200 789 225
1 816 173 836 200
1 852 169 871 192
1 879 180 901 205
1 833 220 862 255
1 798 234 831 273
1 891 260 924 296
1 949 258 987 298
1 980 243 1009 276
1 1035 273 1067 304
1 1014 295 1062 342
1 1006 334 1046 382
1 1091 302 1125 347
1 1111 257 1138 293
1 1120 231 1149 267
1 1114 204 1139 232
1 1135 185 1155 207
1 1082 184 1105 213
1 1057 204 1081 235
1 1045 227 1072 261
1 981 217 1010 244
1 990 197 1012 222
1 929 183 953 212
1 904 174 925 198
1 902 145 924 166
1 941 165 959 187
1 948 146 973 170
1 980 157 1002 182
1 1024 163 1043 190
1 1038 187 1057 212
1 1045 175 1063 194
1 1064 162 1082 187