1 154 162 191 203
1 265 106 281 121
1 279 88 296 106
1 295 92 312 109
1 352 93 369 112
1 359 81 375 97
1 379 99 396 117
1 382 86 397 101
1 404 86 417 103
1 408 103 426 125
1 381 70 393 84
1 401 68 410 79
1 415 68 426 81
1 402 62 413 73
1 422 59 433 73
1 436 62 448 79
1 429 70 442 87
1 461 71 472 85
1 454 65 464 74
1 470 64 480 76
1 477 57 485 68
1 474 74 488 91
1 465 84 479 103
1 501 75 514 92
1 496 64 509 79
1 498 53 512 64
1 514 64 527 81
1 524 60 533 73
1 538 47 549 59
1 552 56 563 69
1 560 50 570 61
1 572 49 581 61
1 566 59 576 72
1 559 68 571 83
1 539 71 554 85
1 590 55 599 67
1 602 55 612 71
1 607 53 615 65
1 614 78 627 91
1 570 84 586 104
1 551 91 568 110
1 499 106 515 127
1 506 131 533 170
1 543 113 559 132
1 439 132 462 156
1 571 125 589 146
1 573 102 591 122
1 601 97 617 115
1 624 99 645 120
1 591 142 620 172
1 618 159 647 196
1 654 58 665 72
1 656 64 668 83
1 675 64 686 79
1 688 78 700 94
1 667 83 681 99
1 641 79 654 95
1 673 111 690 129
1 704 89 717 106
1 716 80 728 96
1 728 71 740 87
1 745 88 759 109
1 759 71 775 89
1 790 76 803 93
1 815 78 827 96
1 812 98 825 116
1 797 111 814 133
1 810 110 823 129
1 800 132 818 160
1 788 151 807 183
1 755 120 773 146
1 750 83 762 101
1 770 89 785 108
1 764 104 782 123
1 712 99 725 120
1 688 123 713 150
1 700 121 717 144
1 730 135 747 161
1 699 158 727 190
1 768 198 794 238