1 157 270 193 317
1 268 150 285 166
1 306 146 326 167
1 325 145 346 172
1 347 118 361 135
1 370 126 389 141
1 369 115 385 130
1 361 147 383 170
1 414 144 434 166
1 449 141 471 165
1 411 121 428 141
1 394 100 407 115
1 420 101 435 118
1 438 103 453 122
1 455 110 470 128
1 467 124 484 149
1 492 133 510 157
1 500 112 519 129
1 467 86 482 102
1 492 88 509 103
1 535 108 551 125
1 553 111 572 135
1 569 92 584 111
1 551 91 567 110
1 520 73 532 84
1 610 95 625 113
1 595 82 609 96
1 611 78 630 97
1 601 65 614 82
1 616 65 629 82
1 643 78 659 95
1 635 67 647 82
1 644 62 658 77
1 671 73 686 91
1 677 63 690 79
1 704 65 717 83
1 517 173 547 201
1 566 168 592 199
1 573 139 595 163
1 618 189 648 223
1 647 114 667 133
1 653 142 679 168
1 702 134 729 163
1 682 116 702 138
1 696 96 711 117
1 739 98 754 117
1 736 81 752 101
1 761 89 776 107
1 740 120 758 144
1 753 143 778 175
1 803 128 824 158
1 771 110 788 134
1 812 86 826 106
1 808 69 821 84
1 801 84 814 100
1 796 63 809 78
1 830 87 843 103
1 846 91 867 112
1 872 67 886 87
1 893 102 908 122
1 902 88 915 107
1 878 113 894 136
1 807 167 836 199
1 889 185 916 218
1 905 144 930 174
1 964 144 987 173
1 968 133 990 161
1 943 118 959 138
1 936 96 950 112
1 953 100 968 120
1 944 82 957 97