1 169 231 211 277
1 334 130 355 155
1 378 130 403 153
1 439 138 457 161
1 491 119 514 139
1 438 116 455 135
1 387 103 404 121
1 362 103 377 119
1 419 96 435 115
1 466 98 485 116
1 464 76 478 90
1 499 68 511 82
1 526 69 537 82
1 541 70 554 81
1 510 100 527 117
1 533 105 554 123
1 585 92 600 110
1 580 63 590 80
1 618 59 629 71
1 620 74 634 89
1 633 135 653 160
1 580 128 603 151
1 626 112 645 131
1 652 95 674 115
1 748 94 762 110
1 734 80 746 94
1 697 91 716 105
1 697 107 713 127
1 715 117 734 143
1 760 141 778 160
1 661 145 688 172
1 770 159 793 188
1 801 162 820 188
1 832 165 857 194
1 864 150 884 173
1 909 182 933 216
1 928 167 946 191
1 929 104 946 128
1 952 93 963 112
1 865 101 879 119
1 889 121 908 144
1 836 124 853 144
1 849 109 866 126
1 839 98 856 116
1 934 153 950 175