1 1 163 39 209
1 32 113 55 136
1 59 120 81 145
1 83 125 107 149
1 90 117 107 133
1 130 126 158 152
1 164 117 180 134
1 196 121 218 144
1 224 118 246 141
1 247 115 256 131
1 261 119 276 134
1 270 138 299 169
1 288 136 304 155
1 294 124 308 142
1 277 115 292 129
1 295 113 303 126
1 302 119 315 132
1 314 112 325 126
1 329 141 357 171
1 327 120 344 142
1 348 114 359 129
1 378 118 394 135
1 404 118 418 133
1 401 133 419 152
1 439 127 458 149
1 422 150 454 185
1 469 143 501 176
1 504 91 534 123
1 553 122 585 149