1 24 186 73 233
1 13 149 38 175
1 53 153 75 177
1 73 157 103 187
1 60 139 74 152
1 240 118 253 132
1 226 114 235 126
1 189 152 204 165
1 182 137 195 151
1 216 156 237 179
1 239 166 267 196
1 281 153 303 179
1 263 131 281 149
1 304 139 319 154
1 264 199 301 231
1 277 271 350 335
1 382 196 417 231
1 315 166 342 193
1 336 144 351 160
1 324 128 339 141
1 353 149 372 165
1 356 133 368 147
1 374 135 387 145
1 395 144 411 156
1 446 136 463 154
1 424 149 439 161
1 473 141 489 156
1 418 177 439 199
1 464 179 511 230