1 70 316 116 371
1 143 272 180 319
1 163 258 193 294
1 64 295 97 330
1 72 267 107 298
1 91 247 116 281
1 66 225 93 254
1 33 251 68 290
1 4 230 27 256
1 22 216 45 245
1 5 202 25 223
1 8 178 28 198
1 29 185 42 203
1 56 196 75 219
1 69 183 84 201
1 80 183 95 199
1 100 195 117 214
1 100 185 115 200
1 77 218 98 235
1 118 210 136 230
1 124 228 149 252
1 157 238 185 263
1 176 237 206 269
1 154 210 176 234
1 131 202 153 222
1 140 181 154 202
1 149 192 167 210
1 167 198 187 222
1 187 300 231 360
1 235 266 263 306
1 271 251 299 285
1 273 213 293 235
1 317 211 339 238
1 345 207 366 233
1 344 240 370 273
1 369 263 396 299
1 397 282 432 326
1 415 296 456 348
1 469 265 503 305
1 417 256 447 288
1 404 241 434 273
1 375 216 397 238
1 392 211 410 233
1 418 216 441 238
1 446 214 464 236
1 451 226 477 257
1 481 238 508 269
1 509 227 528 253
1 480 216 499 235
1 491 207 506 230
1 488 191 500 209
1 502 183 517 205
1 517 191 530 209
1 522 211 541 238
1 562 230 585 256
1 550 256 581 295
1 535 302 581 354
1 594 300 636 351
1 604 258 631 291
1 639 263 672 306
1 567 253 599 290
1 596 227 623 257
1 612 214 635 237
1 626 208 641 226
1 648 201 667 226
1 557 203 580 222
1 558 213 574 231
1 587 189 601 214
1 554 184 566 203
1 666 187 677 205
1 649 184 661 197
1 630 191 641 208
1 606 188 616 206
1 465 199 482 217
1 469 186 483 202
1 472 173 483 186
1 456 176 466 194
1 436 186 450 204
1 411 193 425 214
1 400 192 413 211
1 379 193 395 211
1 363 189 379 208
1 336 190 348 204
1 319 188 339 209
1 294 196 306 212
1 236 184 257 203
1 264 193 277 207
1 272 200 285 215
1 578 175 593 188
1 587 164 598 180
1 564 163 579 179
1 546 172 558 188
1 23 159 38 176