1 157 143 190 184
1 282 99 297 118
1 335 86 354 109
1 341 76 357 96
1 372 97 390 122
1 358 125 381 152
1 350 95 370 117
1 380 71 395 88
1 397 73 413 92
1 403 81 419 100
1 402 94 420 118
1 412 109 432 134
1 424 59 436 74
1 436 62 449 77
1 421 80 440 102
1 448 94 467 113
1 462 77 481 94
1 470 90 492 110
1 489 80 504 95
1 493 61 505 74
1 497 62 509 76
1 503 64 518 84
1 521 78 540 96
1 527 68 544 82
1 519 52 532 67
1 565 58 574 69
1 566 49 576 60
1 614 53 626 69
1 633 58 644 74
1 526 120 546 148
1 540 115 564 145
1 569 102 589 126
1 603 91 623 111
1 640 83 655 102
1 655 87 668 104
1 644 73 660 91
1 652 69 664 85
1 670 69 683 84
1 686 74 700 92
1 705 63 719 81
1 714 74 727 90
1 710 84 726 102
1 711 98 727 121
1 677 91 694 112
1 673 118 693 145
1 648 134 676 163
1 573 195 604 225
1 742 143 767 176
1 755 124 774 150
1 750 104 768 125
1 736 48 758 75
1 778 41 795 65
1 802 96 821 118
1 790 110 810 135
1 781 131 802 161
1 811 153 834 187
1 837 111 854 130
1 859 65 876 88
1 831 50 846 68
1 870 57 885 74
1 882 66 895 85