1 3 213 31 241
1 30 200 55 228
1 47 214 76 246
1 67 210 87 234
1 99 206 117 225
1 114 209 137 234
1 97 222 127 254
1 135 212 153 231
1 150 208 165 224
1 152 202 166 217
1 171 202 190 228
1 185 206 202 226
1 177 221 200 246
1 120 234 180 298
1 215 228 273 309
1 205 208 230 234
1 233 216 250 236
1 248 217 268 245
1 266 211 282 234
1 286 202 303 221
1 294 215 321 250
1 315 231 360 283
1 324 203 351 235
1 327 169 342 194
1 351 208 370 230
1 373 222 397 248
1 388 229 453 307
1 448 214 496 267
1 397 211 419 232
1 383 206 403 230