1 188 365 245 429
1 35 322 80 371
1 43 304 79 331
1 86 295 107 318
1 114 299 136 326
1 100 318 126 354
1 111 276 130 298
1 150 271 171 292
1 146 299 165 321
1 169 300 195 329
1 199 291 219 310
1 197 275 212 293
1 225 301 242 325
1 239 315 259 347
1 241 290 259 312
1 243 265 256 287
1 261 296 282 326
1 284 288 304 312
1 310 294 334 316
1 301 313 323 342
1 346 289 368 320
1 359 311 379 337
1 374 286 395 311
1 383 238 399 259
1 417 313 438 338
1 398 303 417 326
1 410 275 430 296
1 441 291 466 314
1 451 274 472 295
1 467 308 485 334
1 492 288 514 308
1 486 272 504 291
1 521 278 541 304
1 541 291 561 317
1 524 310 546 338
1 570 315 600 343
1 611 315 638 338