1 568 203 589 226
1 533 188 549 205
1 562 160 576 178
1 561 149 572 162
1 518 151 528 165
1 510 167 521 180
1 483 180 497 195
1 486 202 499 221
1 444 194 459 214
1 443 184 455 198
1 438 169 446 181
1 446 158 456 168
1 470 165 481 177
1 476 154 486 166
1 420 159 429 171
1 395 170 404 181
1 408 185 418 198
1 393 198 410 217
1 364 164 381 182
1 380 158 390 168
1 352 160 359 170
1 336 185 346 195
1 334 175 344 186
1 328 158 336 170
1 270 163 279 172
1 272 174 281 186
1 271 188 283 198
1 263 195 276 209
1 229 202 244 217
1 230 191 239 202
1 240 174 248 184
1 244 169 252 177
1 217 186 229 198
1 211 168 218 178
1 190 202 203 217
1 191 193 199 200
1 187 185 196 194
1 186 169 194 180
1 181 207 199 230
1 170 223 192 244
1 183 233 207 258
1 160 193 173 207
1 152 165 161 177
1 133 197 147 213
1 128 179 140 193
1 115 174 125 187
1 94 183 104 193
1 80 170 90 183
1 59 183 73 195
1 47 170 59 184
1 1 167 12 179
1 1 192 18 211
1 47 213 73 236
1 66 209 85 234
1 46 236 89 278
1 75 237 118 286
1 137 252 185 311
1 138 311 218 398
1 270 223 297 258
1 336 242 371 284
1 414 252 463 311