1 155 223 188 264
1 298 103 314 116
1 327 107 342 122
1 336 100 350 113
1 381 86 392 99
1 392 79 404 90
1 404 89 415 102
1 429 108 445 119
1 410 124 425 139
1 459 103 474 117
1 431 88 443 102
1 415 80 428 96
1 429 71 440 87
1 438 80 448 92
1 444 74 454 85
1 460 67 471 77
1 457 82 467 90
1 479 83 490 97
1 496 77 507 88
1 488 68 497 79
1 526 70 538 84
1 493 113 507 126
1 542 98 556 114
1 504 101 518 110
1 542 84 556 97
1 519 86 531 96
1 534 67 547 78
1 550 71 562 84
1 567 55 577 68
1 608 56 616 67
1 643 61 651 70
1 663 62 673 73
1 633 76 644 88
1 604 74 615 89
1 573 86 587 99
1 520 124 541 146
1 582 104 600 125
1 609 113 628 131
1 609 95 623 113
1 663 95 676 111
1 657 119 674 140
1 732 118 745 137
1 677 94 689 111
1 643 94 655 108
1 683 81 694 97
1 696 71 708 88
1 707 70 717 80
1 730 78 740 88
1 743 87 753 102
1 756 94 768 110
1 772 89 783 105
1 760 72 770 87
1 792 75 802 90
1 796 101 808 120
1 809 124 823 143
1 804 149 821 171
1 848 124 862 146
1 863 117 874 130
1 823 99 836 114
1 819 85 829 98
1 871 106 883 119
1 875 90 884 102
1 709 92 724 110