1 18 297 122 406
1 100 222 166 281
1 10 184 61 231
1 69 180 112 227
1 53 153 86 182
1 88 148 114 178
1 6 147 30 175
1 146 161 174 189
1 185 186 224 228
1 243 182 279 226
1 266 209 312 261
1 238 158 266 182
1 207 105 223 126
1 280 164 301 189
1 310 173 337 202
1 327 169 354 193
1 354 163 369 182
1 372 171 389 190
1 383 176 402 201
1 394 193 419 221
1 335 217 365 249
1 379 244 425 302
1 305 288 377 381
1 427 263 483 328
1 458 238 508 302
1 437 192 466 228
1 479 203 505 234
1 486 211 514 243
1 501 194 529 223
1 545 219 581 264
1 560 202 587 233
1 583 194 609 232
1 543 259 606 321
1 629 217 664 253
1 674 222 710 255
1 747 282 805 334
1 748 246 792 278
1 779 231 821 274