1 138 189 191 240
1 269 158 287 180
1 304 147 327 170
1 327 136 346 162
1 359 117 380 139
1 343 137 363 156
1 377 134 397 160
1 395 126 414 147
1 403 108 420 130
1 433 91 447 111
1 452 121 473 145
1 477 126 498 148
1 497 137 522 163
1 444 102 465 119
1 467 102 487 127
1 474 94 494 116
1 491 85 507 102
1 499 95 523 114
1 506 114 527 134
1 541 109 565 136
1 536 91 557 111
1 511 71 526 86
1 550 70 563 87
1 562 72 578 91
1 576 77 595 103
1 604 92 624 116
1 591 58 607 76
1 603 70 616 84
1 618 73 631 89
1 629 65 643 79
1 653 75 671 95
1 669 64 687 81
1 655 26 670 43
1 685 48 699 66
1 672 53 685 65
1 709 61 726 79
1 539 151 565 182
1 555 191 587 225
1 618 190 650 234
1 597 134 619 162
1 636 149 661 179
1 667 110 691 141
1 698 111 721 142
1 707 95 723 116
1 732 97 753 122
1 722 121 749 148
1 687 160 717 195
1 706 188 738 225
1 775 156 805 198
1 794 137 826 171
1 831 172 859 211
1 851 139 879 172
1 783 104 805 133
1 748 79 770 107
1 764 73 782 98
1 761 38 776 57
1 782 65 797 83
1 793 75 812 95
1 808 64 827 90
1 830 62 844 83
1 840 75 859 96
1 853 72 870 91
1 834 101 855 123
1 795 95 817 118
1 923 133 942 159
1 965 146 990 180
1 876 84 891 104
1 894 84 912 106
1 890 72 904 87
1 912 73 931 100
1 945 90 964 111
1 983 106 999 126
1 985 82 1001 104
1 948 76 961 91