1 949 84 961 100
1 908 79 924 99
1 899 96 914 120
1 913 121 932 152
1 945 103 961 127
1 982 126 998 155
1 989 139 1008 174
1 888 166 912 204
1 879 110 898 138
1 813 156 839 188
1 808 118 828 148
1 813 105 833 134
1 842 75 855 95
1 855 86 870 106
1 860 66 872 83
1 881 82 896 99
1 822 69 834 87
1 802 91 816 109
1 779 106 797 127
1 769 85 785 104
1 780 58 792 75
1 763 68 778 89
1 754 93 770 118
1 745 114 765 141
1 746 147 773 183
1 704 139 728 167
1 705 107 725 131
1 695 89 711 113
1 729 75 747 97
1 724 60 739 78
1 685 62 698 80
1 672 70 686 89
1 653 62 666 82
1 657 74 670 93
1 667 103 685 135
1 671 159 699 194
1 646 133 666 167
1 584 131 606 162
1 597 150 621 184
1 598 64 611 80
1 629 64 640 81
1 590 79 602 98
1 601 88 617 110
1 612 80 631 102
1 572 97 590 123
1 538 91 552 109
1 526 81 539 99
1 492 75 503 91
1 469 95 484 112
1 519 103 537 125
1 496 122 517 151
1 460 125 483 155
1 481 108 493 128
1 431 103 446 121
1 424 116 438 137
1 404 104 418 121
1 373 121 391 143
1 350 122 364 140
1 333 129 348 147
1 295 132 310 154
1 304 146 325 172
1 363 137 381 161
1 384 137 407 163
1 408 155 430 182
1 506 162 532 195
1 508 100 523 125
1 169 274 228 343