1 155 216 207 265
1 314 122 334 144
1 326 138 346 162
1 339 124 361 144
1 338 103 357 124
1 357 109 374 132
1 382 117 400 138
1 384 134 403 159
1 395 134 417 162
1 402 112 423 137
1 426 137 452 169
1 454 123 476 151
1 456 98 474 119
1 442 94 460 117
1 433 84 450 100
1 462 87 478 105
1 490 100 512 123
1 502 121 525 146
1 520 106 539 129
1 510 87 525 104
1 500 78 512 92
1 512 75 523 90
1 531 66 547 87
1 529 83 544 101
1 553 86 570 106
1 554 70 567 87
1 566 73 582 90
1 570 88 586 107
1 580 102 597 122
1 584 86 600 105
1 605 90 624 114
1 620 77 637 95
1 609 70 623 84
1 628 65 645 82
1 655 66 671 88
1 664 58 677 75
1 645 86 662 111
1 701 72 713 89
1 679 70 694 87
1 691 54 707 74
1 716 64 730 84
1 748 61 764 79
1 697 93 720 118
1 653 118 675 149
1 648 142 676 176
1 582 137 611 170
1 560 171 593 207
1 501 151 532 188
1 612 188 643 226
1 678 186 714 234
1 704 147 730 181
1 745 132 770 161
1 765 157 789 189
1 781 178 812 210
1 761 225 806 272
1 853 231 883 269
1 901 229 934 277
1 874 183 906 220
1 901 154 925 187
1 944 187 975 228
1 963 165 986 197
1 918 126 944 154
1 971 127 989 156
1 836 137 862 163
1 831 126 854 149
1 797 138 822 164
1 778 115 801 138
1 743 104 764 127
1 732 89 752 111
1 758 84 776 106
1 781 72 797 94
1 811 87 828 105
1 819 74 835 92
1 846 88 860 106