1 134 343 183 391
1 264 223 285 248
1 295 237 318 263
1 331 207 350 226
1 327 250 350 276
1 386 236 414 266
1 415 225 434 244
1 414 197 432 218
1 463 169 481 189
1 505 172 524 189
1 526 172 545 196
1 553 157 573 178
1 561 173 579 194
1 561 202 579 221
1 479 216 504 243
1 480 184 497 205
1 533 221 556 250
1 603 173 621 193
1 614 167 631 182
1 626 163 644 182
1 632 181 655 201
1 646 165 667 186
1 657 182 683 202
1 661 146 681 165
1 679 145 698 163
1 725 136 742 151
1 721 149 739 165
1 749 141 769 156
1 764 146 779 161
1 804 137 821 152
1 802 150 821 167
1 820 148 835 163
1 759 163 777 181
1 716 167 735 187
1 690 178 707 196
1 592 215 620 240
1 845 163 863 187
1 883 167 900 187
1 887 158 902 177
1 897 157 909 170
1 937 157 954 177
1 972 160 989 178
1 979 177 1001 201
1 1017 170 1035 191
1 1027 179 1044 201
1 1056 169 1074 189
1 1074 182 1094 208
1 1130 188 1148 204
1 1117 204 1139 225
1 1107 217 1124 241
1 1067 211 1087 231
1 1041 225 1063 250
1 1016 208 1037 233
1 955 196 974 215
1 938 188 955 211
1 840 196 861 220
1 800 180 816 201
1 443 229 464 255
1 559 263 590 299
1 636 231 664 264
1 620 281 657 323
1 688 297 726 345
1 745 302 786 348
1 755 197 778 222
1 714 216 736 242
1 729 241 752 270
1 769 228 792 256
1 777 239 805 266
1 808 206 831 234
1 825 237 850 270
1 858 261 888 300
1 935 277 964 310
1 969 238 996 266
1 1023 244 1050 268
1 1018 269 1045 300
1 1116 267 1139 293
1 1105 306 1138 347
1 1003 309 1038 352
1 977 321 1013 363
1 824 354 869 403