1 802 315 842 364
1 4 689 53 763
1 58 692 130 774
1 128 653 190 715
1 194 670 257 736
1 253 687 323 752
1 152 739 216 827
1 190 730 285 824
1 237 750 345 867
1 329 705 408 800
1 254 629 324 707
1 423 689 519 807
1 462 623 534 702
1 559 599 611 672
1 525 739 627 849
1 611 720 693 817
1 603 654 671 727
1 720 628 773 692
1 821 698 911 787
1 854 641 947 737
1 911 616 961 674
1 936 581 1005 652
1 873 803 1021 948
1 1003 817 1166 949
1 635 844 806 947
1 474 859 630 946
1 1073 690 1183 802
1 1042 516 1100 575