1 183 220 234 276
1 257 146 279 170
1 288 136 307 158
1 315 137 337 157
1 309 120 331 138
1 334 118 356 141
1 327 146 347 170
1 345 148 370 175
1 375 147 401 172
1 408 149 435 180
1 433 136 454 156
1 428 118 447 141
1 386 107 405 130
1 413 94 430 114
1 427 95 448 119
1 469 118 493 149
1 457 80 478 104
1 472 75 488 95
1 485 80 503 103
1 487 110 507 130
1 516 96 537 119
1 515 64 527 79
1 521 70 534 87
1 533 80 550 98
1 551 99 572 124
1 559 75 578 97
1 605 85 621 103
1 623 83 635 99
1 628 66 639 80
1 636 71 652 87
1 610 52 627 68
1 667 55 682 71
1 677 64 694 80
1 658 87 679 112
1 698 84 719 109
1 677 115 701 140
1 642 132 664 161
1 633 114 656 141
1 579 131 605 156
1 561 161 592 193
1 526 150 555 177
1 676 169 714 211
1 658 144 689 178
1 717 123 742 148
1 725 97 747 123
1 718 150 751 186
1 757 125 787 157
1 756 102 778 126
1 750 81 765 99
1 762 78 782 102
1 780 92 799 115
1 803 95 824 120
1 794 79 813 98
1 789 60 803 79
1 810 76 828 93
1 818 65 835 86
1 854 67 871 95
1 825 91 844 113
1 848 93 861 112
1 870 95 890 116
1 863 111 880 132
1 839 115 866 151
1 792 149 822 184
1 793 180 835 221
1 871 149 901 188
1 886 125 912 155
1 902 111 920 139
1 908 98 928 121
1 899 75 917 98
1 936 142 960 175