1 461 218 534 295
1 430 180 453 205
1 407 196 436 228
1 386 183 404 204
1 360 193 377 212
1 330 190 341 202
1 313 189 330 206
1 288 189 321 226
1 236 197 256 219
1 232 167 243 182
1 208 198 241 231
1 193 187 215 213
1 158 208 201 250
1 138 198 166 226
1 152 191 169 208
1 179 186 197 208
1 134 185 151 201
1 114 182 135 201
1 73 191 107 223
1 62 185 71 199
1 47 200 64 217
1 49 187 60 201
1 43 187 51 197
1 25 184 42 201
1 10 181 21 193
1 253 190 266 203
1 198 166 209 176
1 528 202 548 230
1 518 194 534 213
1 516 185 531 202
1 536 185 550 206