1 22 207 55 241
1 261 159 284 183
1 299 147 318 172
1 310 146 332 171
1 336 157 358 180
1 357 153 378 176
1 328 125 347 146
1 358 128 375 146
1 387 129 405 150
1 385 116 405 135
1 401 113 418 131
1 433 124 451 148
1 420 154 450 186
1 461 123 480 152
1 451 106 470 126
1 432 96 449 115
1 473 105 491 125
1 491 102 511 125
1 474 83 492 99
1 497 79 513 98
1 508 88 525 106
1 495 129 517 156
1 516 110 535 135
1 539 90 556 108
1 512 73 524 87
1 564 78 578 95
1 585 83 602 103
1 599 85 618 110
1 592 60 606 77
1 622 66 636 80
1 618 75 632 93
1 643 85 663 106
1 641 74 657 91
1 625 52 640 70
1 654 63 667 79
1 676 59 690 77
1 687 63 701 79
1 714 62 729 80
1 738 50 756 70
1 501 169 530 205
1 556 115 581 139
1 563 166 591 202
1 593 141 617 168
1 637 139 662 169
1 625 184 657 224
1 711 180 743 216
1 691 150 716 179
1 652 113 677 142
1 688 110 716 139
1 686 94 705 119
1 720 84 741 107
1 730 96 752 121
1 734 115 760 146
1 756 145 790 182
1 786 126 815 162
1 825 158 853 197
1 856 119 884 152
1 772 109 792 136
1 752 72 770 95
1 771 85 792 107
1 777 66 793 83
1 795 63 811 80
1 792 79 810 103
1 804 88 823 110
1 813 69 827 88
1 830 61 844 80
1 845 73 858 92
1 841 96 862 119
1 861 90 879 113
1 874 71 892 92
1 860 66 877 87
1 891 102 913 128
1 921 124 942 148
1 967 155 997 189
1 943 104 961 127
1 920 91 940 113
1 907 86 922 106
1 913 74 928 91
1 920 68 935 84
1 941 84 957 100
1 953 71 965 87
1 980 110 994 135
1 985 98 998 112
1 985 88 996 102