1 51 218 92 261
1 267 160 285 181
1 296 154 315 171
1 316 148 333 175
1 323 134 342 153
1 340 141 359 160
1 356 155 378 181
1 419 159 444 188
1 390 121 408 139
1 402 120 419 143
1 407 111 425 129
1 430 97 448 116
1 429 130 446 149
1 454 107 470 126
1 469 110 487 128
1 467 125 485 149
1 488 130 512 152
1 491 109 507 129
1 512 110 531 129
1 486 95 500 111
1 489 85 508 104
1 510 90 533 109
1 517 73 529 86
1 547 91 564 109
1 550 76 563 91
1 560 77 574 94
1 573 86 588 106
1 564 111 584 134
1 587 76 602 94
1 597 61 610 76
1 607 87 627 113
1 621 73 631 89
1 630 80 650 100
1 646 70 660 87
1 635 53 650 70
1 662 54 678 69
1 676 70 690 81
1 690 52 704 69
1 712 68 726 85
1 727 54 742 71
1 730 78 746 98
1 756 77 772 99
1 750 101 769 123
1 681 103 706 124
1 679 127 700 155
1 635 114 658 136
1 603 136 627 161
1 643 139 670 168
1 698 142 722 171
1 734 124 755 150
1 759 155 786 187
1 702 196 736 235
1 640 181 669 220
1 582 160 613 193
1 507 172 534 202
1 784 67 798 85
1 800 57 812 74
1 791 84 806 100
1 785 96 802 116
1 777 110 797 134
1 791 139 813 169
1 827 155 858 190
1 867 141 889 170
1 806 94 822 116
1 851 104 868 125
1 816 73 830 89
1 827 67 839 83
1 841 76 853 94
1 856 77 869 92
1 885 78 900 98
1 904 81 921 102
1 922 72 936 88
1 925 86 940 108
1 954 71 967 89
1 953 92 966 107
1 986 89 997 103
1 981 99 996 116
1 983 116 1001 139
1 940 110 956 133
1 896 100 913 126
1 891 94 908 115
1 920 121 937 149
1 973 157 998 189