1 234 273 283 324
1 353 179 370 195
1 367 170 385 189
1 386 152 403 169
1 408 153 427 173
1 410 185 432 208
1 394 186 411 203
1 462 177 483 204
1 516 179 540 204
1 476 140 494 159
1 510 116 523 136
1 520 123 536 141
1 531 107 547 127
1 543 157 565 183
1 507 158 535 179
1 530 141 552 160
1 597 146 622 174
1 597 123 621 146
1 578 112 591 129
1 560 105 578 123
1 585 101 600 117
1 634 123 653 146
1 663 130 684 155
1 676 102 696 126
1 658 98 673 114
1 619 89 636 108
1 643 93 658 112
1 707 113 726 134
1 698 93 713 113
1 742 98 759 118
1 729 75 746 93
1 751 67 763 82
1 762 84 777 101
1 780 97 800 118
1 779 87 795 104
1 807 77 823 94
1 832 78 850 98
1 613 198 643 230
1 671 200 702 232
1 691 171 716 199
1 756 143 777 171
1 779 154 803 187
1 817 171 843 201
1 814 206 851 249
1 808 113 830 138
1 830 135 857 161
1 865 126 885 149
1 860 98 879 120
1 902 101 920 121
1 914 141 934 162
1 876 153 897 176
1 894 170 923 205
1 943 247 980 288
1 988 202 1018 239
1 944 152 966 172
1 952 120 970 140
1 947 97 963 117
1 983 131 1005 154
1 994 104 1009 123
1 1001 88 1016 106
1 1026 104 1045 125
1 1006 121 1023 140
1 1035 154 1056 186
1 1078 197 1109 233
1 1127 184 1156 216
1 1077 155 1098 180
1 1102 156 1122 179
1 1097 130 1115 153
1 1052 139 1074 168
1 1085 98 1107 121
1 1056 119 1071 141