1 182 320 234 376
1 346 184 378 221
1 374 157 395 180
1 410 149 432 177
1 406 183 434 216
1 429 193 460 228
1 481 193 510 229
1 441 150 465 179
1 458 157 482 182
1 480 162 512 192
1 502 132 528 158
1 549 137 573 165
1 581 150 604 184
1 588 130 614 156
1 552 125 575 149
1 534 115 552 137
1 551 108 574 129
1 582 100 601 120
1 608 104 628 122
1 609 84 628 107
1 627 87 645 111
1 644 104 664 130
1 666 110 690 136
1 656 89 674 112
1 683 96 701 118
1 697 104 719 133
1 709 97 729 120
1 692 84 708 103
1 700 76 719 94
1 724 84 738 104
1 725 63 741 82
1 755 93 777 120
1 770 79 787 97
1 758 68 773 88
1 794 86 814 110
1 792 79 808 96
1 804 58 822 78
1 821 66 841 89
1 821 84 841 106
1 858 69 874 90
1 649 192 687 235
1 670 179 705 210
1 748 171 777 210
1 763 136 789 165
1 809 140 836 171
1 816 166 846 206
1 742 215 790 262
1 854 145 884 184
1 845 120 866 146
1 893 87 913 109
1 899 125 928 153
1 918 162 960 205
1 959 137 983 166
1 944 119 965 143
1 940 93 961 120
1 927 78 946 98
1 974 96 993 122
1 988 76 1004 100
1 1004 78 1024 102
1 1000 108 1020 137
1 1022 105 1039 129
1 1034 92 1050 110
1 1045 83 1062 103
1 1049 124 1070 148
1 1058 106 1078 131
1 1076 94 1096 120
1 1079 90 1100 113
1 1026 143 1048 166
1 1015 161 1040 196
1 946 202 981 245
1 988 258 1033 313
1 1041 281 1099 337
1 1027 202 1062 248
1 1073 162 1102 199
1 1089 139 1117 171
1 1104 122 1128 150
1 1122 88 1141 110
1 1157 97 1178 124
1 1129 146 1151 175
1 1151 141 1172 172
1 1118 224 1152 272
1 1141 196 1177 239