1 30 134 52 156
1 52 117 68 134
1 67 140 84 159
1 76 121 90 138
1 90 137 108 157
1 119 139 137 158
1 107 122 121 138
1 93 112 108 128
1 108 104 120 120
1 126 111 138 125
1 131 122 146 139
1 136 108 148 122
1 150 111 162 126
1 142 134 156 155
1 168 135 186 157
1 160 123 174 140
1 169 108 182 123
1 158 101 172 117
1 181 98 196 111
1 183 113 197 129
1 187 130 198 144
1 199 137 215 156
1 214 116 229 134
1 208 112 221 125
1 199 101 212 117
1 216 100 227 114
1 228 106 240 122
1 238 133 254 156
1 242 112 255 128
1 243 101 254 114
1 253 110 265 124
1 260 119 271 134
1 268 134 286 154
1 280 116 292 135
1 282 108 294 120
1 265 103 277 115
1 295 101 308 117
1 292 114 306 131
1 298 140 313 159
1 323 135 338 153
1 343 133 360 151
1 359 123 375 141
1 347 118 361 134
1 335 119 347 136
1 309 121 324 138
1 322 116 335 132
1 310 112 321 124