1 932 90 944 108
1 925 110 938 130
1 918 120 932 142
1 915 128 930 150
1 908 143 928 171
1 873 118 889 139
1 876 104 893 127
1 892 95 904 115
1 898 87 907 105
1 906 88 914 104
1 888 168 906 204
1 839 152 859 176
1 865 77 878 97
1 863 85 875 104
1 854 91 867 110
1 841 97 855 121
1 829 108 844 130
1 831 81 842 98
1 817 91 830 110
1 778 105 794 127
1 790 90 803 108
1 799 104 814 124
1 791 143 812 171
1 801 137 816 159
1 818 181 845 218
1 729 170 758 209
1 745 63 757 79
1 743 74 757 93
1 761 62 770 77
1 773 69 784 84
1 764 92 777 111
1 732 91 744 109
1 703 114 722 136
1 691 102 704 125
1 698 83 712 104
1 712 70 726 89
1 689 62 699 78
1 699 64 708 77
1 666 62 674 74
1 666 88 682 111
1 631 101 648 125
1 653 106 670 133
1 659 131 676 156
1 651 52 659 65
1 625 52 633 65
1 603 54 612 65
1 630 73 641 88
1 643 80 655 94
1 618 70 630 87
1 644 67 654 79
1 617 61 628 74
1 585 61 593 75
1 595 70 609 88
1 568 69 580 86
1 566 91 581 112
1 551 88 563 106
1 578 122 597 150
1 609 123 628 150
1 606 145 635 181
1 662 169 691 207
1 569 141 593 172
1 512 145 534 175
1 526 93 542 112
1 525 78 539 96
1 503 66 514 79
1 481 73 492 87
1 497 76 510 94
1 453 69 465 86
1 434 76 443 91
1 459 77 472 93
1 414 93 426 110
1 399 105 415 128
1 440 90 453 111
1 467 97 483 120
1 438 106 454 129
1 464 123 486 145
1 119 200 160 248
1 315 102 329 119
1 346 101 358 120
1 307 122 321 141