1 116 253 172 322
1 268 157 286 179
1 283 150 302 172
1 303 157 321 178
1 318 137 339 159
1 330 156 351 181
1 360 157 382 179
1 420 158 447 190
1 332 123 351 143
1 355 130 372 150
1 381 121 398 139
1 391 116 410 139
1 410 108 428 129
1 428 125 451 147
1 463 119 485 144
1 487 125 511 153
1 474 103 495 125
1 457 104 474 121
1 437 93 451 110
1 472 84 488 102
1 507 87 523 106
1 507 76 520 91
1 538 99 558 120
1 567 104 589 126
1 588 80 605 101
1 563 72 580 91
1 516 70 529 82
1 597 61 610 76
1 610 82 628 104
1 623 75 639 94
1 622 67 635 81
1 632 46 648 65
1 649 64 665 83
1 662 73 679 95
1 667 52 680 66
1 694 48 709 67
1 689 58 703 77
1 715 55 731 76
1 593 136 615 164
1 508 167 538 205
1 564 170 597 207
1 615 203 646 243
1 706 182 742 222
1 647 133 675 161
1 644 114 666 138
1 686 90 707 115
1 703 101 726 128
1 700 139 725 174
1 738 117 764 147
1 739 98 760 117
1 724 80 744 104
1 750 71 765 91
1 768 151 795 187
1 795 133 820 162
1 771 99 795 132
1 790 86 806 106
1 792 67 808 88
1 779 57 794 79
1 798 58 813 76
1 815 66 831 85
1 825 60 840 81
1 848 71 864 89
1 827 83 843 103
1 846 94 865 118
1 869 88 886 109
1 854 61 867 76
1 884 71 902 91
1 898 99 917 125
1 828 145 858 181
1 869 134 891 167
1 927 117 947 146
1 980 156 1006 190
1 943 101 962 128
1 919 80 934 102
1 950 85 964 105
1 955 73 971 91
1 984 105 1004 131
1 986 88 1003 107