1 24 218 56 257
1 950 68 967 90
1 921 67 938 86
1 793 51 804 72
1 728 52 743 71
1 677 53 689 72
1 651 54 669 72
1 825 62 841 81
1 601 62 616 74
1 710 67 727 81
1 750 72 767 91
1 843 71 857 87
1 859 77 874 92
1 875 71 894 92
1 899 82 921 105
1 917 83 932 99
1 945 94 960 111
1 987 89 1006 109
1 773 85 790 104
1 795 81 814 104
1 841 95 859 116
1 898 110 915 128
1 512 70 524 87
1 553 73 579 94
1 581 78 601 100
1 651 77 673 96
1 613 80 634 101
1 601 86 624 109
1 477 80 492 95
1 428 94 448 114
1 359 120 382 144
1 338 124 354 146
1 311 141 337 167
1 289 156 313 178
1 263 159 287 182
1 386 127 410 145
1 336 148 372 179
1 409 170 437 199
1 435 123 460 145
1 474 97 491 109
1 480 113 504 128
1 519 124 540 152
1 508 89 522 107
1 564 109 589 134
1 506 163 536 199
1 583 164 614 195
1 591 130 617 159
1 652 101 679 129
1 632 138 659 164
1 631 181 663 212
1 702 182 738 225
1 685 95 702 119
1 701 115 722 137
1 713 136 735 162
1 731 116 758 148
1 727 93 751 114
1 781 106 804 141
1 798 126 826 155
1 743 155 775 191
1 806 154 836 186
1 919 118 945 146
1 983 147 1007 182
1 469 123 494 149
1 446 102 469 120
1 540 93 567 118
1 627 54 645 73
1 515 114 536 137
1 404 118 427 138
1 870 93 886 113