1 85 311 153 381
1 229 160 256 189
1 264 152 291 182
1 316 133 341 160
1 367 118 391 143
1 379 134 408 163
1 421 113 444 139
1 444 142 475 171
1 435 107 459 130
1 470 102 495 126
1 469 131 491 156
1 528 169 559 202
1 567 131 595 165
1 514 108 541 135
1 530 90 546 113
1 553 90 573 109
1 596 84 619 107
1 602 107 625 136
1 632 87 655 114
1 671 118 695 144
1 679 86 699 111
1 675 73 694 93
1 707 71 724 93
1 708 89 730 115
1 708 110 726 133
1 735 101 757 128
1 741 84 761 104
1 729 64 748 86
1 760 107 781 135
1 771 66 791 90
1 804 96 825 118
1 802 77 821 97
1 821 67 837 86
1 841 74 862 96
1 842 89 864 114
1 843 114 864 142
1 823 122 847 152
1 871 85 890 111
1 747 158 782 190
1 691 183 726 223
1 734 205 767 242
1 801 216 838 257
1 880 221 912 267
1 890 142 919 174
1 920 161 944 187
1 972 244 1010 297
1 1056 268 1094 318
1 1086 221 1116 262
1 1058 188 1083 219
1 995 162 1023 194
1 969 144 994 175
1 907 126 931 153
1 919 104 940 130
1 947 98 967 124
1 983 125 1003 146
1 1007 125 1031 150
1 993 104 1014 127
1 1037 117 1056 138
1 1070 128 1086 151
1 1084 126 1100 152
1 1106 125 1126 149
1 1107 142 1125 168
1 1087 158 1110 188
1 1132 185 1156 218
1 1160 208 1190 249
1 1166 266 1194 306
1 1199 202 1221 237
1 1199 181 1218 205
1 1208 143 1224 164
1 1166 134 1182 158
1 1144 150 1164 180