1 271 281 331 350
1 335 169 355 189
1 367 162 387 186
1 392 167 414 193
1 414 165 439 197
1 401 147 424 169
1 395 143 415 158
1 389 168 405 186
1 459 171 484 200
1 489 179 517 210
1 487 150 511 176
1 462 124 485 151
1 488 112 509 132
1 519 120 537 141
1 529 108 548 134
1 556 145 582 171
1 586 147 609 176
1 554 100 574 122
1 577 100 595 125
1 636 130 662 153
1 665 108 687 133
1 634 96 651 116
1 615 80 630 98
1 675 92 695 112
1 705 110 724 134
1 716 95 736 117
1 754 91 771 112
1 768 83 786 103
1 751 58 771 83
1 796 74 815 94
1 834 69 851 91
1 600 187 636 223
1 653 207 693 251
1 675 166 706 200
1 752 137 776 168
1 763 163 796 197
1 821 158 854 191
1 833 195 874 238
1 905 214 950 265
1 888 187 922 231
1 967 175 1001 212
1 929 141 955 170
1 861 144 893 175
1 807 113 829 139
1 849 98 871 124
1 896 96 917 123
1 937 96 957 115
1 951 111 970 136
1 971 99 987 120
1 999 112 1016 137
1 962 138 988 166
1 997 145 1025 182
1 1035 99 1050 120
1 1012 110 1031 132
1 1064 197 1099 234
1 1057 128 1076 156
1 1044 113 1065 144
1 1073 89 1094 114
1 1072 143 1098 177
1 1091 141 1111 170
1 1092 127 1111 148
1 1129 163 1156 199