1 142 349 195 409
1 973 350 1014 407
1 845 321 893 377
1 762 317 801 369
1 690 290 730 338
1 604 320 643 359
1 573 253 609 293
1 391 246 420 279
1 343 239 369 272
1 310 226 334 259
1 258 243 280 269
1 355 200 376 227
1 425 202 447 225
1 422 226 445 255
1 491 224 519 253
1 492 199 513 223
1 470 183 490 205
1 493 182 511 204
1 527 182 547 205
1 519 165 536 190
1 526 208 548 234
1 557 223 582 252
1 558 181 576 202
1 595 183 614 206
1 640 179 658 204
1 637 237 668 269
1 720 241 744 282
1 549 166 567 186
1 673 188 690 212
1 634 171 645 188
1 631 159 648 179
1 652 166 666 189
1 570 161 586 179
1 672 152 688 169
1 693 150 707 166
1 687 182 704 204
1 698 162 713 184
1 723 165 739 188
1 730 140 744 160
1 759 144 774 162
1 725 157 742 173
1 775 168 791 189
1 791 146 804 164
1 798 153 814 177
1 722 210 749 244
1 762 206 785 230
1 781 227 806 257
1 771 263 801 297
1 839 235 864 265
1 895 267 927 306
1 934 291 967 336
1 822 210 846 237
1 811 187 829 213
1 821 151 840 172
1 858 163 875 187
1 853 198 875 226
1 895 167 912 192
1 904 159 920 182
1 930 178 945 199
1 947 174 963 199
1 949 162 965 183
1 914 205 934 233
1 986 164 1002 184
1 1022 175 1039 196
1 1040 177 1056 202
1 1058 171 1074 195
1 1089 186 1106 209
1 1134 176 1149 201
1 989 186 1004 206
1 992 203 1011 229
1 1027 209 1043 234
1 1081 216 1100 244
1 1135 207 1153 229
1 1115 208 1133 237
1 1128 230 1147 265
1 1110 267 1136 310
1 1055 242 1078 276
1 1000 226 1024 260
1 982 233 1008 266
1 1031 266 1060 297
1 1114 313 1148 362
1 1014 296 1049 337