1 99 239 121 266
1 118 245 141 274
1 140 257 166 292
1 182 265 215 302
1 247 260 279 294
1 263 249 280 269
1 277 250 299 279
1 310 245 330 271
1 336 219 353 239
1 311 269 344 309
1 351 259 377 292
1 368 253 387 280
1 390 252 411 278
1 421 247 444 273
1 436 264 466 306
1 465 295 503 341
1 491 252 506 272
1 507 253 524 278
1 520 264 550 297
1 563 249 580 273
1 596 273 630 312
1 626 257 643 280
1 642 253 662 275
1 645 270 663 297
1 678 250 702 275
1 702 280 737 314
1 758 262 784 295
1 779 260 799 288
1 821 251 842 280
1 603 254 622 280