1 278 123 293 143
1 336 109 351 130
1 345 126 365 150
1 391 136 410 162
1 379 105 397 125
1 391 96 408 118
1 407 105 425 125
1 418 91 435 109
1 432 115 453 140
1 425 144 448 173
1 439 97 457 116
1 441 78 456 97
1 488 84 505 106
1 474 107 495 130
1 512 116 537 139
1 497 96 517 121
1 519 96 540 120
1 494 73 506 89
1 519 69 535 89
1 539 66 554 85
1 556 68 571 85
1 553 87 571 106
1 557 107 579 130
1 606 88 624 111
1 592 74 608 89
1 580 65 594 83
1 602 64 618 82
1 618 73 631 89
1 629 56 639 70
1 633 64 647 81
1 651 70 667 87
1 655 61 667 74
1 656 52 665 65
1 686 53 700 74
1 705 56 722 71
1 714 70 728 88
1 741 60 755 75
1 685 73 700 93
1 642 90 658 107
1 572 140 607 192
1 598 143 623 181
1 667 127 692 158
1 659 104 682 131
1 683 94 706 123
1 695 115 718 141
1 716 138 739 168
1 735 124 755 151
1 733 92 752 116
1 728 87 743 106
1 760 75 774 95
1 767 98 784 118
1 791 107 813 132
1 811 118 836 144
1 768 140 800 177
1 794 136 815 165
1 824 154 850 193
1 791 83 810 101
1 784 73 798 90
1 789 65 804 83
1 812 85 825 103
1 834 88 850 107
1 826 73 842 91
1 847 83 862 101
1 854 74 869 91
1 875 89 892 108
1 889 79 904 98
1 899 92 914 112
1 879 106 897 125
1 878 126 899 153
1 911 140 936 177
1 871 169 905 204
1 936 187 969 234
1 961 165 981 195
1 970 137 989 160
1 949 111 968 134
1 921 83 939 104
1 952 80 969 101
1 992 117 1006 137
1 982 109 997 124
1 986 94 1000 111