1 20 111 45 137
1 57 155 85 185
1 61 121 82 144
1 94 129 115 152
1 88 157 111 184
1 126 162 145 184
1 113 126 129 145
1 132 124 151 151
1 153 123 170 142
1 166 154 187 180
1 177 124 195 146
1 188 114 208 135
1 205 122 224 143
1 218 155 240 179
1 236 133 252 155
1 231 120 247 138
1 251 161 272 188
1 253 128 273 151
1 267 118 282 136
1 283 117 297 136
1 286 125 304 148
1 296 160 318 186
1 304 111 319 135
1 317 122 336 141
1 328 159 350 184
1 338 117 360 142
1 329 108 344 126
1 356 111 370 130
1 366 117 386 143
1 377 109 396 133
1 370 158 394 189
1 399 106 418 129
1 409 107 432 134
1 430 97 459 127
1 491 111 518 145