1 269 245 284 258
1 44 223 63 245
1 7 237 30 262
1 31 322 78 378
1 10 296 43 329
1 61 307 86 333
1 70 293 94 317
1 102 297 128 326
1 92 367 167 428
1 127 334 175 395
1 2 317 47 433
1 161 307 198 353
1 237 325 287 388
1 345 330 396 381
1 387 379 461 436
1 409 313 440 349
1 467 319 512 373
1 517 294 540 324
1 539 292 563 321
1 556 279 575 304
1 578 291 606 323
1 606 287 630 312
1 497 299 516 320
1 473 300 494 320
1 472 286 489 303
1 449 293 470 307
1 437 300 459 324
1 413 300 434 320
1 400 291 419 314
1 366 297 385 327
1 310 297 340 325
1 282 303 310 330
1 248 311 276 336
1 221 307 248 335
1 233 292 248 310
1 218 284 237 304
1 345 286 362 308
1 172 292 188 307
1 136 294 158 321
1 136 274 150 287
1 190 297 209 320
1 518 281 534 294
1 586 276 598 289
1 577 270 587 285
1 571 256 582 270
1 584 262 592 276
1 598 271 611 286
1 633 270 651 291