1 48 296 93 352
1 281 227 301 254
1 308 244 330 277
1 354 241 379 272
1 352 201 371 229
1 400 235 429 268
1 426 222 450 246
1 430 195 451 222
1 462 222 486 250
1 471 180 492 202
1 500 199 518 224
1 497 180 514 203
1 494 227 522 256
1 525 204 547 230
1 543 229 568 257
1 575 206 597 232
1 525 160 542 181
1 542 175 559 198
1 575 158 591 179
1 578 176 597 202
1 621 179 634 199
1 632 182 653 208
1 611 212 630 236
1 557 271 591 311
1 642 167 660 193
1 666 165 683 186
1 681 152 696 172
1 697 148 714 168
1 701 165 715 184
1 706 170 724 196
1 685 185 705 209
1 728 167 746 188
1 733 149 749 169
1 745 138 762 159
1 763 144 777 167
1 779 150 797 175
1 784 163 804 188
1 808 147 822 167
1 821 151 838 174
1 844 147 862 170
1 854 164 871 188
1 818 176 841 201
1 838 202 861 229
1 771 205 794 231
1 782 230 805 261
1 794 240 826 278
1 837 233 863 268
1 872 273 902 313
1 721 225 751 256
1 720 259 750 300
1 722 281 757 329
1 765 305 808 352
1 848 314 903 361
1 931 293 970 336
1 1022 293 1059 333
1 996 330 1040 375
1 891 168 912 195
1 901 164 918 187
1 923 150 940 173
1 881 191 902 214
1 953 163 969 183
1 966 162 986 188
1 950 191 973 219
1 998 180 1019 204
1 1025 170 1043 193
1 1034 188 1053 212
1 1043 180 1059 203
1 1065 172 1080 194
1 1087 185 1106 210
1 1116 209 1135 234
1 1135 204 1153 228
1 1141 189 1158 213
1 994 203 1019 233
1 1018 208 1043 237
1 1069 206 1090 235
1 1102 218 1125 244
1 1140 239 1164 270
1 1061 235 1089 270
1 1015 224 1043 255
1 1041 243 1071 282
1 981 239 1012 271
1 1101 305 1134 353
1 653 267 688 302
1 646 235 676 265