1 191 184 229 231
1 317 124 334 150
1 346 99 367 119
1 421 108 439 131
1 428 95 444 113
1 421 81 440 99
1 448 94 472 115
1 453 117 476 140
1 479 121 507 150
1 508 91 528 114
1 468 85 486 103
1 468 74 484 87
1 535 83 548 102
1 540 72 555 89
1 559 61 572 78
1 571 80 590 99
1 560 99 578 119
1 595 83 611 104
1 611 71 626 92
1 599 63 614 81
1 628 52 641 71
1 646 81 663 100
1 638 73 653 91
1 649 62 661 77
1 657 54 667 69
1 663 74 676 92
1 667 62 678 77
1 678 57 690 73
1 512 82 525 93
1 701 62 716 79
1 718 65 730 80
1 682 91 702 111
1 637 99 659 128
1 588 129 610 154
1 504 156 534 186
1 596 152 624 185
1 615 163 647 199
1 633 133 653 162
1 673 135 695 163
1 668 167 698 209
1 689 206 729 243
1 680 112 701 137
1 718 88 739 114
1 743 93 765 120
1 745 117 765 149
1 766 63 781 83
1 771 81 787 105
1 784 70 796 87
1 797 71 811 92
1 810 77 827 100
1 804 106 822 135
1 784 103 800 123
1 827 146 853 178
1 818 142 835 167
1 820 186 855 228
1 897 234 933 275
1 905 204 933 238
1 863 158 892 192
1 875 150 897 177
1 869 121 889 143
1 902 122 919 151
1 911 121 928 145
1 925 138 948 166
1 944 153 964 180
1 944 126 963 152
1 929 94 943 113
1 936 87 948 102
1 955 91 969 110
1 957 117 971 135
1 910 100 925 122
1 886 100 900 121
1 895 82 911 105
1 868 103 887 123
1 833 106 851 133
1 842 93 858 112
1 862 82 875 100