1 127 334 184 395
1 252 224 277 251
1 288 225 314 254
1 319 240 345 267
1 322 202 345 228
1 374 242 401 278
1 401 217 423 240
1 404 191 427 216
1 445 219 468 245
1 467 217 495 244
1 468 198 490 220
1 456 170 477 192
1 492 171 511 190
1 515 173 532 192
1 499 201 523 228
1 526 221 552 252
1 548 203 571 229
1 533 159 552 184
1 550 171 566 193
1 547 150 564 169
1 577 173 593 192
1 592 171 606 189
1 603 159 620 178
1 607 181 627 206
1 632 166 652 191
1 651 177 672 206
1 583 208 608 240
1 676 167 692 190
1 665 143 680 163
1 689 153 705 171
1 707 158 725 184
1 714 144 727 161
1 718 132 732 152
1 746 161 764 185
1 745 142 763 162
1 786 135 804 154
1 798 149 811 169
1 810 141 830 167
1 785 178 809 208
1 738 196 763 225
1 697 214 724 245
1 690 238 723 277
1 632 265 668 302
1 622 235 653 272
1 574 244 622 282
1 709 277 747 322
1 740 302 785 347
1 773 244 809 289
1 755 219 784 251
1 808 188 829 216
1 836 195 859 226
1 832 163 850 185
1 875 165 893 188
1 869 158 885 177
1 885 148 902 172
1 810 229 842 267
1 850 262 884 300
1 807 351 858 404
1 919 274 957 315
1 959 233 986 269
1 964 196 985 218
1 905 182 924 213
1 920 175 940 197
1 926 154 945 178
1 960 159 978 182
1 967 175 988 198
1 1001 170 1018 191
1 1010 178 1027 201
1 1001 204 1023 238
1 1017 244 1043 282
1 998 288 1034 333
1 972 335 1018 383
1 1086 304 1125 347
1 1082 255 1114 292
1 1101 236 1129 269
1 1078 214 1100 247
1 1027 221 1051 248
1 1037 166 1057 189
1 1061 179 1084 209
1 1107 202 1128 226
1 1111 177 1128 200
1 1086 203 1104 225