1 725 191 761 236
1 763 156 790 184
1 685 162 710 184
1 634 218 678 259
1 487 243 536 294
1 484 214 518 248
1 527 192 552 224
1 499 174 517 198
1 455 207 480 230
1 461 182 476 203
1 573 186 593 209
1 594 181 609 196
1 605 166 621 185
1 563 176 578 194
1 555 163 577 182
1 538 177 554 201
1 403 142 417 156
1 311 203 328 219
1 369 151 381 164
1 354 152 367 163
1 330 160 345 171
1 334 144 345 153
1 313 151 324 160
1 294 147 305 159
1 293 158 306 173
1 280 169 296 182
1 268 152 284 168
1 258 136 269 147
1 233 136 247 147
1 240 157 258 174
1 215 164 232 178
1 212 137 224 151
1 182 144 197 159
1 157 149 171 162
1 156 127 172 141
1 129 132 145 144
1 72 129 90 147
1 107 136 122 154
1 57 112 70 124
1 12 114 28 130
1 26 143 41 158
1 1 147 17 165
1 66 297 139 365
1 159 231 189 259
1 208 221 234 253
1 227 217 265 258
1 266 245 291 272
1 264 196 280 214
1 211 186 227 205
1 175 167 197 187
1 119 214 143 241
1 100 187 123 210
1 88 151 107 167
1 64 157 84 180
1 83 210 101 230
1 28 220 64 249
1 25 248 68 281
1 2 290 44 365
1 1 207 18 240
1 3 189 24 213
1 6 176 32 199