1 278 142 295 163
1 289 138 306 159
1 299 147 323 174
1 349 147 372 175
1 388 123 418 157
1 409 116 430 139
1 396 97 412 117
1 422 102 439 123
1 448 94 466 116
1 435 88 451 108
1 460 124 485 149
1 489 118 516 146
1 475 96 492 118
1 491 92 509 115
1 505 94 524 120
1 524 101 543 126
1 556 102 578 127
1 573 94 592 117
1 600 94 619 114
1 557 70 572 87
1 541 81 560 100
1 529 66 545 83
1 496 191 532 223
1 587 61 603 79
1 599 68 613 88
1 615 69 634 90
1 632 51 644 64
1 647 75 666 94
1 656 53 669 68
1 670 54 683 69
1 682 68 698 86
1 708 51 722 69
1 737 47 756 68
1 608 127 638 158
1 591 159 623 195
1 636 181 673 220
1 658 129 685 158
1 650 105 671 133
1 690 115 715 144
1 687 88 709 117
1 714 81 733 107
1 740 90 763 117
1 770 107 792 132
1 799 69 814 91
1 792 61 806 78
1 815 67 832 88
1 826 78 845 103
1 793 116 818 143
1 751 131 779 169
1 709 159 752 202
1 774 163 817 216
1 802 142 836 184
1 830 108 857 139
1 854 123 882 159
1 879 110 903 139
1 855 75 870 96
1 879 75 897 94
1 886 63 898 81
1 902 86 919 110
1 910 80 923 97
1 921 62 936 83
1 965 72 981 91
1 986 80 998 96
1 947 88 967 108
1 937 108 955 131
1 911 132 935 165
1 882 161 907 203
1 845 199 888 247
1 940 201 978 252
1 967 137 994 170
1 975 122 995 147
1 986 110 1007 132
1 946 193 976 221