1 188 188 234 238
1 301 131 323 157
1 311 114 330 134
1 330 127 350 153
1 349 136 369 162
1 371 131 391 157
1 377 113 395 132
1 357 102 373 122
1 348 96 363 113
1 400 147 427 174
1 421 110 438 133
1 418 98 440 120
1 420 77 436 96
1 447 92 467 118
1 456 118 473 140
1 477 119 503 144
1 473 75 485 93
1 481 80 494 97
1 493 96 510 114
1 494 70 506 84
1 507 68 519 82
1 510 85 525 101
1 520 77 536 92
1 538 69 552 86
1 527 94 546 113
1 544 86 561 105
1 563 95 582 117
1 566 85 583 104
1 553 76 568 93
1 563 65 578 79
1 586 63 600 81
1 594 63 606 76
1 606 69 621 87
1 594 90 613 113
1 629 79 646 94
1 626 57 642 75
1 645 61 661 78
1 660 55 676 71
1 664 73 681 90
1 692 53 707 68
1 700 62 715 79
1 732 56 746 70
1 493 148 524 185
1 549 175 583 209
1 593 128 615 158
1 643 129 664 156
1 601 182 633 218
1 687 134 713 167
1 697 97 717 121
1 714 86 731 106
1 729 94 748 118
1 739 81 754 100
1 767 68 783 86
1 757 96 775 122
1 775 99 792 117
1 748 124 770 148
1 745 156 771 185
1 696 165 726 199
1 754 205 786 248
1 826 210 863 251
1 794 160 822 197
1 780 123 805 150
1 814 120 832 143
1 833 131 855 162
1 815 84 829 102
1 810 73 824 89
1 885 135 905 162
1 906 119 924 144
1 932 181 954 214
1 939 152 961 179
1 944 119 962 143
1 884 211 925 258
1 845 193 870 221