1 76 336 127 401
1 39 333 86 388
1 32 307 67 350
1 19 273 46 307
1 11 256 37 285
1 33 230 57 260
1 65 246 88 273
1 72 264 98 296
1 105 281 133 320
1 126 301 158 345
1 158 323 193 373
1 173 312 202 351
1 194 301 221 336
1 207 268 237 305
1 188 259 207 284
1 191 229 214 260
1 151 278 181 316
1 141 251 161 277
1 115 265 141 289
1 107 233 130 261
1 214 360 269 427
1 290 326 327 374
1 315 344 356 398
1 271 289 304 328
1 283 255 303 281
1 310 249 332 273
1 343 227 367 255
1 364 235 384 257
1 360 252 381 279
1 333 267 366 308
1 403 299 435 337
1 413 273 437 301
1 392 248 411 277
1 401 236 420 265
1 431 269 453 298
1 448 257 470 284
1 466 290 492 322
1 478 272 497 301
1 484 260 499 280
1 493 235 509 259
1 507 234 527 261
1 539 244 560 271
1 542 229 562 250
1 555 231 576 258
1 578 233 595 255
1 572 247 592 273
1 576 287 599 320
1 597 328 639 380
1 515 362 571 439
1 490 336 528 385
1 500 312 529 348
1 524 308 554 348
1 434 316 464 360
1 406 341 448 394
1 644 306 673 349
1 650 293 679 325
1 633 259 654 288
1 627 246 641 273
1 604 252 624 276
1 636 232 658 264
1 665 243 685 269
1 704 239 728 268
1 715 262 744 295
1 742 255 767 285
1 766 255 794 288
1 806 268 832 296
1 830 285 852 322
1 818 310 852 358
1 727 353 786 425
1 731 313 772 359
1 707 313 739 357