1 47 119 63 140
1 136 109 158 130
1 182 77 197 97
1 188 94 204 113
1 216 103 235 124
1 203 139 226 166
1 54 217 78 257
1 78 260 106 297
1 144 323 181 365
1 239 259 268 292
1 245 180 271 212
1 286 153 310 183
1 249 60 267 79
1 304 62 322 80
1 356 75 373 98
1 347 100 365 125
1 369 119 388 143
1 428 115 448 140
1 438 39 452 57
1 473 46 489 63
1 458 89 476 111
1 522 35 536 54
1 513 92 530 110
1 565 68 582 87
1 583 63 603 81
1 566 88 582 105
1 576 111 595 136
1 618 88 634 110
1 676 80 695 103
1 617 50 630 64
1 587 36 602 51
1 660 36 674 53
1 551 143 574 172
1 666 155 688 187
1 643 244 670 286
1 697 102 715 125
1 747 124 764 148
1 833 182 855 210
1 857 140 878 163
1 700 48 715 64
1 716 61 730 80
1 759 57 774 74
1 799 79 816 96
1 864 107 880 128
1 890 117 911 136
1 949 109 966 128
1 995 119 1013 140
1 1047 145 1066 168
1 1066 159 1085 182
1 1134 195 1154 224
1 956 196 983 224