1 1057 176 1071 197
1 1140 184 1153 203
1 1087 187 1101 210
1 1029 179 1043 201
1 1040 188 1054 210
1 1036 206 1055 232
1 1076 218 1094 246
1 1137 208 1152 230
1 1131 228 1149 255
1 1128 237 1148 265
1 1058 250 1077 276
1 1072 271 1098 307
1 1042 262 1065 294
1 1101 308 1132 352
1 1013 294 1041 330
1 1003 330 1036 374
1 936 293 965 331
1 981 245 1001 278
1 990 203 1010 228
1 987 167 1002 187
1 997 184 1013 204
1 940 194 956 220
1 908 159 922 177
1 901 165 915 186
1 952 166 967 189
1 895 181 910 204
1 882 193 899 219
1 1009 238 1027 266
1 860 174 875 197
1 837 154 851 173
1 809 150 821 170
1 826 156 837 176
1 827 179 844 202
1 770 172 785 192
1 829 217 849 245
1 841 234 863 269
1 768 197 790 226
1 785 223 812 251
1 744 140 756 158
1 775 155 788 173
1 732 171 746 189
1 671 157 684 174
1 695 153 709 172
1 705 165 718 183
1 702 177 716 201
1 728 216 748 244
1 739 246 764 280
1 676 189 692 215
1 614 177 630 200
1 641 176 658 199
1 621 211 637 237
1 576 189 588 207
1 559 171 574 191
1 540 176 553 192
1 526 189 544 212
1 497 205 513 225
1 499 189 515 209
1 528 208 547 233
1 574 206 593 231
1 535 232 558 265
1 602 253 632 296
1 438 198 451 220
1 436 222 451 244
1 478 179 495 200
1 475 225 492 251
1 497 231 517 258
1 347 209 364 232
1 351 245 372 275
1 375 265 403 296
1 278 232 295 256
1 288 271 313 293
1 861 329 897 381
1 884 261 914 301
1 804 252 832 297
1 807 284 842 329
1 746 280 777 325
1 657 265 686 310
1 195 309 248 379
1 925 177 938 194
1 942 176 958 198