1 406 314 512 413
1 577 253 671 351
1 583 193 640 251
1 355 229 404 277
1 236 204 300 262
1 117 222 188 303
1 123 192 172 244
1 61 219 116 272
1 101 145 133 180
1 86 130 116 159
1 46 127 73 154
1 51 110 70 133
1 22 133 51 162
1 155 150 186 181
1 178 166 211 193
1 183 120 205 147
1 221 140 243 163
1 261 137 278 159
1 261 182 290 216
1 314 160 346 194
1 310 129 332 150
1 335 148 361 182
1 348 130 369 153
1 371 137 394 163
1 384 159 409 185
1 420 155 444 184
1 402 132 429 154
1 442 141 458 160
1 482 152 501 177
1 448 172 475 204
1 483 134 503 153
1 509 126 526 147
1 523 147 545 172
1 539 163 570 198
1 530 131 547 152
1 545 138 567 163
1 583 151 605 172
1 632 170 659 195
1 639 150 661 175
1 688 200 746 250
1 705 174 730 200
1 704 156 724 179
1 722 156 745 184
1 764 164 785 191
1 775 203 800 241
