1 239 142 248 153
1 386 226 439 283
1 420 209 456 245
1 467 192 493 226
1 430 177 449 198
1 424 173 439 191
1 380 180 402 207
1 370 171 388 192
1 349 205 383 234
1 341 186 364 206
1 328 179 346 196
1 334 171 351 192
1 316 188 341 216
1 309 203 333 232
1 287 208 323 245
1 296 257 389 333
1 206 210 246 256
1 255 189 281 217
1 268 178 284 197
1 295 175 310 190
1 228 182 248 207
1 242 179 261 198
1 253 173 265 190
1 207 170 223 186
1 191 185 226 223
1 172 198 199 232
1 168 181 189 207
1 177 174 193 191
1 135 168 155 192
1 133 190 157 222
1 116 228 167 283
1 102 209 138 250
1 95 174 116 197
1 40 183 73 221
1 8 231 64 291
1 10 172 33 194
1 31 170 49 190
1 68 174 84 193
1 54 168 69 181
1 1 199 28 247
1 5 166 20 180
