1 53 196 86 230
1 58 147 80 173
1 33 136 57 162
1 62 115 79 136
1 81 115 100 140
1 96 119 115 144
1 79 140 100 165
1 112 136 133 159
1 117 185 143 214
1 132 122 151 146
1 155 108 172 130
1 172 128 187 150
1 157 144 180 171
1 158 186 186 218
1 190 147 210 173
1 185 128 200 149
1 176 115 194 137
1 204 118 220 138
1 227 120 243 142
1 233 151 255 180
1 213 188 236 214
1 259 186 282 216
1 262 145 283 172
1 263 120 280 142
1 246 115 262 135
1 286 117 305 142
1 293 154 314 179
1 313 134 333 157
1 333 130 350 154
1 335 118 349 133
1 352 122 374 142
1 349 135 371 159
1 369 132 387 154
1 382 115 399 138
1 401 127 420 151
1 416 109 436 135
1 457 113 481 140
1 445 135 469 161
1 434 182 461 213
1 390 168 414 200
1 345 181 364 209
1 315 191 336 215
