1 20 424 139 545
1 1 390 58 464
1 23 334 72 393
1 55 322 91 366
1 85 325 130 371
1 17 302 48 332
1 94 364 147 419
1 132 343 169 384
1 160 325 189 357
1 140 307 170 338
1 174 302 195 332
1 182 319 206 351
1 211 310 241 345
1 198 345 232 384
1 151 376 219 463
1 249 404 297 448
1 242 337 289 389
1 260 311 291 346
1 294 303 327 344
1 285 347 316 384
1 332 301 359 341
1 496 204 516 225
1 488 291 511 322
1 495 306 518 335
1 510 320 535 353
1 538 326 572 370
1 557 345 601 396
1 571 322 604 365
1 545 294 570 331
1 602 312 625 341
1 600 289 629 323
1 613 333 647 381
1 665 327 705 389
1 661 312 689 342
1 664 281 695 323
1 701 326 736 373
1 669 422 751 525
1 734 332 775 385
1 714 303 753 347
