1 6 150 31 181
1 37 172 65 203
1 67 156 82 178
1 100 187 125 215
1 103 160 119 178
1 137 174 160 196
1 139 235 186 282
1 157 213 185 242
1 168 196 188 221
1 205 212 230 240
1 238 253 291 307
1 298 240 334 279
1 212 165 230 182
1 254 166 267 182
1 232 190 252 215
1 312 178 329 197
1 304 165 319 181
1 339 178 354 195
1 351 250 377 283
1 365 252 397 288
1 407 235 432 264
1 433 235 455 263
1 400 192 419 215
1 384 168 396 184
1 439 206 462 228
1 469 208 487 232
1 496 230 515 254
1 507 211 523 231
1 481 176 491 191
1 504 187 523 204
1 520 230 540 254
1 548 226 576 260
1 552 203 568 221
1 596 228 622 258
1 628 223 649 247
1 634 203 653 221
1 680 228 695 250
