1 90 344 156 429
1 165 366 216 423
1 148 344 183 382
1 177 332 202 366
1 148 331 168 351
1 169 328 187 351
1 205 328 225 351
1 247 329 267 353
1 280 335 304 367
1 265 361 314 412
1 299 344 367 429
1 307 322 327 345
1 326 332 341 354
1 343 329 357 349
1 350 327 364 344
1 361 343 385 375
1 390 331 407 354
1 405 324 419 344
1 422 326 440 352
1 435 347 466 384
1 448 360 498 427
1 456 330 477 354
1 475 321 487 347
1 490 332 512 361
1 507 353 542 407
1 536 331 568 365
1 531 326 548 349
1 597 327 619 361
1 633 337 686 398
1 726 326 755 360
1 797 323 834 367
1 817 360 864 416
1 890 345 928 395
1 912 340 944 388
