1 14 243 32 262
1 46 241 61 259
1 59 251 78 271
1 82 246 99 265
1 78 233 94 248
1 105 219 120 235
1 124 213 137 229
1 105 200 117 215
1 116 267 140 293
1 128 244 145 264
1 140 260 159 281
1 155 248 169 265
1 156 236 169 250
1 166 230 177 247
1 150 196 167 214
1 172 175 179 187
1 182 183 191 194
1 196 187 206 200
1 185 227 196 241
1 185 219 199 230
1 194 204 208 220
1 181 252 199 272
1 179 273 205 301
1 126 295 156 324
1 201 265 227 296
1 218 289 262 339
1 270 272 308 315
1 245 265 267 286
1 267 254 285 273
1 209 243 229 265
1 222 223 238 245
1 233 234 250 255
1 232 214 245 229
1 240 220 253 236
1 241 199 256 215
1 214 169 224 181
1 218 158 226 167
1 225 160 234 170
1 233 158 242 169
1 240 163 250 175
1 254 163 263 175
1 264 173 273 184
1 287 182 297 195
1 295 199 304 212
1 284 205 296 218
1 280 214 291 227
1 274 216 283 231
1 260 227 277 249
1 288 235 308 255
1 299 227 316 245
1 316 238 340 263
1 336 239 353 260
1 351 230 363 245
1 336 217 351 234
1 369 221 388 245
1 374 235 403 262
1 392 235 416 261
1 421 219 444 243
1 453 219 474 246
1 482 237 509 269
1 504 224 531 255
1 526 201 544 224
