1 2783 1602 3046 1936
1 2656 1492 2846 1685
1 2307 1414 2441 1585
1 2468 1375 2602 1558
1 2600 1314 2712 1458
1 2800 1363 2897 1465
1 2878 1329 2990 1458
1 2988 1114 3083 1212
1 2729 1133 2790 1229
1 2514 1151 2590 1233
1 2322 1148 2407 1229
1 2144 1138 2249 1233
1 1844 1121 1941 1236
1 1895 1133 1975 1236
1 1639 1080 1785 1265
1 1431 1058 1602 1275
1 997 1048 1236 1294
1 451 1014 795 1419
1 36 941 556 1575
1 280 670 449 902
1 19 599 136 733
1 34 565 107 653
1 5 531 51 604
1 19 499 53 551
1 261 612 346 712
1 344 548 402 629
1 451 629 534 707
1 453 677 556 799
1 629 694 717 794
1 785 690 844 772
1 819 782 949 972
1 966 848 1090 990
1 1156 912 1263 1031
1 939 758 1019 846
1 912 680 990 777
1 744 633 807 699
1 788 619 841 677
1 666 582 719 648
1 753 770 849 902
1 951 563 1000 626
1 1041 607 1105 665
1 1017 699 1063 777
1 1090 777 1163 863
1 1144 680 1200 748
1 1195 716 1246 799
1 1278 809 1334 875
1 1419 865 1497 943
1 1468 933 1566 1033
1 1612 987 1671 1065
1 1634 877 1690 953
1 1519 794 1578 868
1 1385 748 1429 816
1 1417 729 1471 782
1 1275 690 1334 746
1 1617 712 1668 770
1 1658 807 1712 885
1 1783 877 1856 977
1 1839 1002 1905 1094
1 2134 1016 2210 1102
1 2271 1021 2334 1099
1 2444 1029 2524 1107
1 2683 1036 2739 1114
1 2424 946 2466 1004
1 2217 929 2271 1004
1 2175 877 2217 931
1 2083 885 2129 953
1 2029 851 2068 907
1 2019 816 2075 863
1 2085 748 2129 792
1 1902 763 1936 814
1 1851 802 1907 855
1 1888 851 1956 921
1 1734 794 1780 851
1 1766 733 1810 780
