1 257 412 337 491
1 202 366 243 411
1 108 382 151 429
1 52 345 86 379
1 12 329 43 370
1 45 324 85 354
1 60 310 82 331
1 91 332 116 357
1 112 329 129 348
1 109 307 127 327
1 140 329 168 358
1 144 314 161 333
1 151 273 172 293
1 171 340 198 372
1 191 330 211 355
1 218 325 235 350
1 248 336 276 371
1 260 330 287 356
1 262 307 280 327
1 303 327 336 360
1 313 316 332 334
1 301 301 318 318
1 336 309 354 328
1 343 305 358 319
1 365 310 383 331
1 384 344 421 379
1 410 341 459 393
1 413 387 488 475
1 478 338 517 380
1 444 317 469 345
1 424 314 445 336
1 416 295 434 316
1 403 301 421 324
1 384 311 407 333
1 386 302 404 322
1 463 305 476 317
1 475 308 492 328
1 504 324 528 347
1 552 315 581 349
1 551 307 570 327
1 540 302 556 322
1 535 271 550 289
1 496 305 504 318
1 588 329 618 365
1 554 377 622 447
1 618 378 675 435
1 564 293 576 309
1 585 305 597 324
1 600 310 623 333
1 610 293 625 310
1 633 298 647 314
1 647 306 663 324
1 642 318 662 340
1 634 336 658 364
1 676 327 701 355
1 676 308 691 328
1 680 300 692 314
1 704 304 716 319
1 716 316 731 337
1 704 337 737 370
1 763 301 784 321
1 789 304 809 330
1 782 333 810 367
1 773 327 793 350
1 818 297 833 313
1 820 311 834 331
1 830 314 849 340
1 862 308 883 335
1 877 292 895 309
1 870 284 884 300
1 893 287 905 301
1 893 303 910 325
1 883 322 913 353
1 894 349 937 394
1 916 318 943 349
1 925 301 945 323
1 918 281 934 300
1 943 298 959 321
1 961 314 982 336
1 967 295 985 320
1 987 308 1004 335
1 988 328 1024 366
1 961 343 1000 389
1 1003 307 1024 332
1 1028 308 1046 329
1 1051 300 1071 325
1 1057 325 1081 361
