1 1 224 16 248
1 56 218 75 245
1 35 200 55 221
1 19 187 38 209
1 25 177 41 192
1 48 150 64 167
1 78 149 91 164
1 68 162 83 177
1 81 175 95 191
1 99 193 120 219
1 100 186 118 205
1 144 169 160 187
1 169 143 182 162
1 187 153 199 170
1 210 140 223 155
1 221 131 231 143
1 245 119 256 134
1 268 112 279 127
1 216 229 251 259
1 206 209 232 234
1 227 187 251 212
1 249 177 267 201
1 267 157 284 177
1 290 143 306 163
1 302 139 316 153
1 343 128 355 144
1 330 141 346 160
1 338 153 357 171
1 305 162 323 179
1 268 213 294 234
1 290 219 321 253
1 335 214 357 237
1 336 237 372 269
1 369 185 391 208
1 372 172 391 192
1 384 155 400 173
1 425 225 459 266
1 456 203 482 235
1 430 166 451 189
1 417 130 433 151
1 478 138 496 157
1 517 151 535 169
1 495 186 519 215
1 522 204 555 237
1 490 238 533 284
1 580 232 616 273
1 585 180 607 202
1 584 148 604 168
1 572 135 593 160
1 524 129 539 147
1 523 109 536 128
1 517 101 529 118
