1 1 369 18 400
1 9 364 36 391
1 10 340 38 368
1 46 386 94 438
1 124 401 173 453
1 112 349 138 375
1 141 353 163 379
1 165 366 186 392
1 169 355 192 373
1 180 329 199 353
1 197 370 233 408
1 228 361 253 390
1 226 343 251 366
1 267 355 292 385
1 247 388 289 433
1 295 425 348 488
1 349 410 403 470
1 318 365 347 403
1 309 346 332 370
1 345 347 366 375
1 365 361 391 392
1 395 338 415 363
1 412 383 445 420
1 429 400 472 450
1 451 380 477 414
1 480 344 498 368
1 510 349 530 378
1 536 340 553 364
1 524 370 553 406
1 589 397 623 440
1 603 356 626 384
1 625 347 648 380
1 642 374 674 412
1 699 370 724 397
1 671 386 694 418
1 747 365 768 389
1 851 370 883 406
1 953 389 983 420
1 765 477 945 679
