1 37 158 52 176
1 64 166 78 183
1 64 201 84 221
1 102 205 118 222
1 93 164 108 180
1 84 157 98 173
1 110 163 122 178
1 123 165 134 181
1 133 165 148 182
1 140 213 157 233
1 152 171 167 186
1 150 160 164 175
1 163 168 177 185
1 175 163 189 178
1 182 164 194 180
1 170 204 189 224
1 194 167 207 183
1 201 167 214 183
1 212 164 226 179
1 227 162 240 177
1 209 202 230 225
1 245 210 262 228
1 244 164 255 180
1 257 165 269 183
1 265 163 275 178
1 272 164 284 179
1 277 203 294 221
1 288 163 301 181
1 306 165 317 183
1 318 171 332 188
1 320 164 330 176
1 312 204 329 225
1 339 201 355 222
1 332 166 345 181
1 343 160 353 174
1 351 164 363 179
1 364 167 375 182
1 371 164 382 176
1 378 168 391 185
1 387 168 398 182
1 396 161 407 175
1 400 168 414 186
1 369 212 382 229
1 399 207 415 225
1 416 170 428 183
1 432 172 444 188
1 446 167 459 185
1 460 168 473 185
1 466 209 483 229
1 438 209 453 229
1 488 172 501 187
1 483 165 494 178
1 511 162 528 180
