1 1 381 31 426
1 85 367 105 391
1 80 343 105 369
1 116 361 137 388
1 140 352 160 377
1 147 370 173 401
1 171 379 215 419
1 184 353 204 378
1 212 347 233 370
1 224 339 245 371
1 246 341 264 367
1 267 353 282 372
1 277 336 296 360
1 280 361 306 392
1 259 371 288 401
1 252 403 298 449
1 333 371 364 401
1 314 345 333 369
1 309 346 320 362
1 340 340 356 362
1 359 362 381 390
1 384 374 418 409
1 408 358 430 389
1 433 371 464 409
1 419 397 468 452
1 387 339 405 364
1 377 335 392 355
1 401 328 418 347
1 442 354 468 379
1 474 364 499 401
1 514 372 544 412
1 511 350 534 376
1 519 329 542 357
1 505 324 520 348
1 499 306 515 324
1 475 317 494 338
1 474 347 495 376
1 462 339 479 360
1 447 325 463 346
1 543 348 565 376
1 561 335 577 359
1 545 321 560 339
1 571 317 585 338
1 582 353 611 379
1 586 369 618 407
1 625 359 651 394
1 606 329 630 362
1 653 337 673 362
1 682 360 714 398
1 685 345 707 368
1 695 321 710 341
1 675 328 688 342
1 671 336 686 353
1 736 350 760 380
1 750 346 772 369
1 744 334 757 352
1 737 324 751 339
1 779 322 793 342
1 784 331 803 356
1 798 348 816 369
1 814 326 830 348
1 832 332 851 359
1 826 321 842 344
1 864 315 884 337
1 872 329 894 353
1 907 328 925 353
1 940 318 955 339
1 744 400 788 458
1 818 373 859 425
1 891 369 920 412
1 916 366 953 419
1 944 353 976 386
1 892 422 944 479
1 965 438 1029 494
1 995 389 1039 438
1 976 374 1006 415
1 990 359 1019 390
1 1016 332 1039 362
1 1032 324 1057 353
1 1035 347 1068 383
1 1073 329 1093 360
1 1094 331 1113 358
1 1102 315 1118 335
1 1104 285 1120 308
1 1162 278 1181 303
1 1153 285 1169 306
1 1146 332 1171 361
1 1106 352 1140 390
1 1080 379 1108 428
1 1105 426 1172 507
1 1168 379 1216 432
1 1181 350 1212 385
1 1189 331 1216 364
1 1212 326 1233 353
1 1205 303 1226 328
1 1233 288 1256 312
1 1272 276 1291 303
1 1221 347 1306 439
