1 157 148 209 207
1 124 144 151 172
1 87 153 127 198
1 67 137 92 165
1 56 128 73 149
1 28 138 63 171
1 1 129 22 162
1 34 101 50 120
1 50 99 66 116
1 113 126 131 147
1 119 116 132 129
1 136 133 159 163
1 151 124 174 147
1 176 121 190 138
1 194 131 216 154
1 197 120 216 139
1 209 119 220 133
1 235 126 254 148
1 243 119 254 134
1 263 150 312 201
1 255 137 287 168
1 278 122 297 141
1 299 124 327 159
1 326 140 360 180
1 351 123 377 150
1 385 137 420 176
1 393 124 419 148
1 372 120 384 134
1 320 127 336 148
1 321 120 331 133
1 418 121 429 135
1 430 121 444 134
1 438 128 461 154
1 459 126 473 147
1 470 128 491 152
1 492 125 510 147
1 505 131 536 165
1 534 125 562 157
1 553 118 568 139
1 587 120 600 139
1 569 122 582 137
1 514 117 527 135
