1 32 341 57 370
1 50 332 73 362
1 105 344 130 371
1 157 347 183 376
1 183 367 222 409
1 208 309 223 325
1 289 435 369 522
1 300 371 325 406
1 315 348 340 374
1 387 347 410 372
1 370 344 393 367
1 411 340 433 365
1 479 418 547 499
1 461 337 480 360
1 480 359 508 386
1 493 344 520 370
1 486 327 503 348
1 527 332 545 351
1 546 321 560 343
1 567 331 586 354
1 576 344 602 374
1 599 367 629 398
1 616 320 636 338
1 649 354 682 394
1 684 352 717 391
1 685 337 703 360
1 658 324 673 347
1 636 322 649 340
1 712 325 732 343
1 747 328 763 347
1 723 353 751 387
1 775 340 797 369
