1 81 155 99 174
1 76 146 91 159
1 58 146 72 160
1 68 123 80 134
1 88 125 97 137
1 91 112 100 122
1 107 139 119 151
1 112 145 125 161
1 118 122 125 131
1 133 141 143 152
1 127 157 140 171
1 127 165 147 187
1 135 126 143 136
1 150 139 159 148
1 164 158 176 173
1 189 159 209 184
1 203 155 218 175
1 182 147 192 159
1 172 141 181 152
1 164 124 172 133
1 180 125 186 133
1 190 133 198 142
1 196 140 204 149
1 199 129 205 137
1 208 136 215 144
1 216 141 223 149
1 211 147 222 159
1 230 151 241 163
1 235 160 248 177
1 235 142 244 152
1 225 135 232 143
1 209 129 217 135
1 232 125 240 134
1 250 134 258 143
1 246 124 253 134
1 254 125 260 131
1 252 144 261 152
1 255 149 266 162
1 267 157 282 173
1 252 163 271 187
1 266 135 273 145
1 261 128 268 137
1 272 127 278 136
1 277 139 285 150
1 280 151 289 165
1 292 156 307 174
1 288 135 295 147
1 284 129 290 139
1 291 128 297 136
1 300 131 306 139
1 298 143 305 153
1 307 148 316 159
1 312 162 330 186
1 305 135 313 146
1 315 129 321 137
1 329 124 337 133
1 330 137 338 147
1 322 143 331 153
1 332 150 343 162
1 326 161 337 175
1 344 160 356 177
1 345 145 354 156
1 352 140 359 147
1 349 124 356 132
1 367 125 374 133
1 359 146 370 158
1 368 137 375 148
1 374 142 383 153
1 363 159 375 175
1 388 162 401 179
1 390 168 411 193
1 388 152 400 166
1 396 146 406 156
1 395 137 403 147
1 391 127 398 135
1 410 124 421 133
1 417 144 426 156
1 424 136 433 145
1 430 122 440 133
1 433 142 443 155
1 425 153 440 166
1 415 164 430 182
